# fitness=162.568
# z_env,vz_env,vtot_env,pitch_env,gamma_env,cmd_thrust,cmd_prof
5,0,4,0,0,0.731059,0.536463
4,0,4,0,0,0.378336,0.211038
4,0,5,0,0,0.705313,0.465484
3,0,5,0,0,0.453238,0.605515
3,0,6,0,0,0.541596,-0.309386
3,0,6,1,0,0.901215,-0.283758
3,0,6,0,1,0.46059,0.144255
3,0,6,1,1,0.0966755,-0.141637
3,0,6,2,1,0.0164907,0.745608
3,0,5,2,1,0.669222,0.330763
3,0,5,1,1,0.128014,-0.868183
3,0,5,0,1,0.466327,0.108877
3,0,6,3,1,0.666359,0.115059
3,0,5,3,1,0.799534,-0.279961
3,0,5,2,2,0.122603,0.479853
3,0,6,2,2,0.523775,-0.500505
3,0,6,3,2,0.974868,0.951293
3,1,6,3,2,0.925389,0.307677
3,1,6,4,2,0.474653,-0.0532859
3,1,6,4,3,0.859829,-0.070446
3,1,6,5,3,0.192734,0.2182
3,1,6,6,3,0.641672,0.761149
3,2,6,6,3,0.516683,-0.806033
3,2,5,6,3,0.867442,-0.218143
3,3,5,6,3,0.775403,0.664702
3,3,5,6,4,0.698121,-0.977065
3,3,5,5,4,0.17032,-0.377849
3,4,5,5,4,0.172075,-0.234278
3,4,5,4,4,0.917561,0.6465
3,3,5,4,4,0.340986,0.366253
3,4,6,5,4,0.180438,0.305964
3,5,6,5,4,0.732319,-0.868665
3,5,5,5,4,0.511276,-0.51178
3,6,5,5,5,0.0196202,0.696927
3,6,5,6,5,0.0919023,-0.158756
3,7,5,6,5,0.916825,0.975932
3,7,5,7,5,0.566624,0.310104
3,8,5,7,5,0.477506,-0.100273
3,8,5,7,6,0.430502,0.0547615
3,9,5,7,6,0.876575,0.523316
3,9,5,8,6,0.74185,-0.449225
3,9,5,8,7,0.463999,0.336456
5,0,7,0,0,0.418001,-0.0310035
4,0,7,0,0,0.627371,0.861513
3,0,7,0,0,0.627864,0.777494
3,0,6,4,2,0.629519,0.257618
3,0,6,4,3,0.642,0.28027
3,2,6,4,3,0.110514,0.374952
3,2,6,5,3,0.0756246,0.591249
3,3,6,5,3,0.282156,-0.567207
3,3,6,5,4,0.95827,-0.841086
3,3,6,6,4,0.540572,-0.00273092
3,4,6,4,4,0.505137,0.500686
3,5,6,4,4,0.0699659,0.341951
3,5,6,3,4,0.407709,0.147575
3,4,6,3,4,0.82192,-0.237167
3,4,6,2,4,0.900301,-0.892463
3,3,6,2,4,0.955415,-0.759116
3,3,6,3,4,0.537535,0.710331
3,3,6,4,4,0.624854,0.0945366
3,3,6,4,3,0.033069,-0.682783
3,3,6,3,3,0.697009,0.538583
2,3,6,3,3,0.413988,-0.960006
2,3,6,4,3,0.753761,-0.471139
2,3,6,4,4,0.715146,0.98418
2,3,6,5,4,0.0659423,-0.979918
2,3,6,6,4,0.124723,-0.685545
2,4,6,6,4,0.0625683,-0.876888
2,5,6,6,4,0.978329,-0.414544
2,6,6,6,5,0.359359,0.998968
2,7,6,6,5,0.00786195,0.0719223
2,8,6,6,5,0.711148,0.900335
2,8,6,7,5,0.175344,-0.0299178
2,8,6,7,6,0.736618,0.118199
2,9,6,7,6,0.443039,0.122987
2,9,6,6,6,0.284426,-0.48588
3,9,6,6,6,0.650224,0.54944
3,9,6,5,6,0.188432,0.752899
5,1,7,3,3,0.495151,0.265841
5,1,7,4,3,0.34057,-0.00799879
5,2,7,4,3,0.249254,-0.237892
5,2,7,5,3,0.747169,-0.470489
5,2,7,5,4,0.911057,0.683552
5,3,7,5,4,0.341271,-0.685013
5,3,7,6,4,0.590709,-0.784985
5,4,7,6,4,0.557166,-0.814341
5,4,7,5,4,0.488514,-0.0907567
5,5,7,5,4,0.853539,-0.609435
5,5,7,4,4,0.179228,-0.945072
5,4,7,4,4,0.431814,0.765432
5,4,7,3,4,0.0597865,0.940951
5,3,7,3,4,0.904757,0.47165
5,3,7,4,4,0.0503388,0.954425
5,5,7,6,4,0.876873,-0.00944075
5,6,7,6,5,0.224285,-0.619906
5,6,7,5,5,0.919287,-0.836147
5,7,7,5,5,0.490445,0.770975
5,7,7,6,5,0.908624,0.623088
5,8,7,5,5,0.23276,-0.675164
5,8,7,6,5,0.302515,-0.182305
3,0,6,1,2,0.188027,-0.958447
3,0,6,0,2,0.368259,-0.447962
2,0,6,0,2,0.423153,-0.64194
2,0,6,0,1,0.503481,0.197259
2,0,6,1,1,0.0192435,0.171153
2,0,6,1,2,0.843602,0.830231
2,0,6,2,2,0.793127,-0.218857
2,0,7,1,2,0.797466,0.0895991
2,0,7,2,2,0.855462,0.784143
2,0,7,3,2,0.321043,0.769622
2,0,7,4,2,0.736783,-0.387766
2,0,7,4,3,0.715181,-0.396868
2,1,7,4,3,0.390495,-0.718562
2,1,6,4,3,0.133072,-0.715062
2,1,6,5,3,0.743905,0.270184
2,2,6,5,3,0.201988,0.659596
2,2,6,4,3,0.0735286,0.733694
2,3,6,5,3,0.256072,0.25045
2,3,6,3,4,0.686396,-0.378101
2,4,6,5,4,0.668082,-0.963837
2,6,6,7,5,0.108015,-0.691717
2,7,6,7,5,0.0953016,0.879207
3,7,6,7,5,0.899153,0.610042
3,8,6,7,5,0.0655914,-0.881569
3,8,6,6,5,0.506442,-0.538769
3,8,6,6,6,0.452437,0.781608
3,8,6,7,6,0.846075,-0.103765
3,9,6,7,6,0.118602,0.986784
3,9,6,8,6,0.199379,0.966441
3,9,6,8,7,0.460531,-0.858057
3,9,6,7,7,0.737998,0.330445
5,0,7,0,1,0.400523,0.930258
5,0,7,1,1,0.776802,0.874047
5,0,7,2,1,0.379613,0.510362
5,0,7,3,1,0.155607,-0.440319
5,0,7,3,2,0.741624,0.625569
5,0,7,2,2,0.967465,-0.391991
4,0,7,3,2,0.997941,-0.597267
4,0,7,2,2,0.749758,0.926643
4,0,7,3,3,0.202434,0.548699
4,0,7,2,3,0.235275,-0.748588
4,1,7,3,3,0.995546,-0.739076
4,1,7,4,3,0.882217,-0.0468016
4,1,7,5,3,0.19728,0.165599
4,1,7,6,3,0.298229,-0.632333
4,2,7,6,3,0.520988,-0.356801
4,2,7,6,4,0.692099,-0.85854
4,2,7,7,4,0.570436,0.644707
4,3,7,7,4,0.267723,0.539697
4,4,7,7,4,0.199443,-0.906596
4,5,7,7,4,0.173017,-0.375776
4,6,7,7,5,0.177264,-0.54415
4,7,7,7,5,0.0393911,0.943442
4,8,7,7,5,0.272067,0.970992
4,9,7,7,5,0.305806,0.14239
4,9,7,7,6,0.531321,-0.955058
4,9,7,6,6,0.626518,0.227353
4,9,7,5,6,0.581649,0.147871
4,0,7,0,1,0.861866,0.0240975
3,0,7,0,1,0.843738,-0.130444
3,0,7,1,1,0.464709,-0.882366
3,0,7,2,1,0.985291,-0.662266
3,0,7,1,2,0.210409,0.968524
3,0,7,2,2,0.198741,0.000488597
3,0,7,3,2,0.401702,0.290327
3,0,7,4,2,0.857826,0.155809
3,0,7,3,3,0.635721,-0.738815
3,0,7,2,3,0.552471,0.192097
3,1,7,3,3,0.462977,-0.459363
3,1,7,2,3,0.678342,-0.394007
2,1,7,2,3,0.674411,0.817477
2,0,7,2,3,0.958535,0.901166
2,0,7,3,3,0.0842244,0.966492
2,1,7,5,3,0.274279,0.908669
2,2,7,4,3,0.796618,-0.0871428
2,2,7,5,3,0.28166,0.168199
2,2,7,5,4,0.440264,-0.130644
2,3,7,5,4,0.56969,0.316902
2,3,7,6,4,0.0267115,0.0993775
2,4,7,6,4,0.616764,-0.680017
2,5,7,6,4,0.216668,-0.143441
2,6,7,6,5,0.554754,-0.338343
2,7,7,6,5,0.586523,-0.0522841
2,7,7,7,5,0.851085,-0.799817
2,8,7,7,5,0.191578,-0.947498
2,9,7,6,5,0.510112,-0.848747
2,9,7,5,5,0.976031,0.631324
2,9,7,4,5,0.916337,-0.193966
2,8,7,4,5,0.188133,-0.760232
2,8,7,5,5,0.361616,0.562142
2,7,7,4,5,0.187093,0.137238
2,6,7,3,5,0.941219,-0.826371
2,5,7,3,4,0.868069,-0.788479
2,4,7,3,4,0.576794,0.320532
2,3,7,3,4,0.382936,-0.987484
2,3,7,4,4,0.271015,0.101077
2,4,7,5,4,0.467438,-0.0528895
2,5,7,5,4,0.593081,-0.688626
2,9,7,7,5,0.400281,0.240496
2,9,7,7,6,0.102618,-0.747937
2,9,7,7,7,0.465099,0.656875
2,9,7,8,7,0.80014,0.278083
2,9,7,9,7,0.528467,0.409881
3,9,7,9,7,0.867018,-0.0268955
3,9,7,8,7,0.541134,0.146777
3,9,7,8,8,0.768213,-0.0732661
3,9,7,9,8,0.270077,-0.791441
4,0,5,0,1,0.343701,0.476725
3,0,5,1,2,0.00788563,0.388854
3,0,6,5,2,0.767278,0.685854
3,0,5,5,2,0.768854,-0.152058
3,0,5,4,2,0.628759,0.0265662
3,1,5,4,2,0.195474,0.50813
3,1,5,4,3,0.468058,0.792395
3,1,5,3,3,0.623764,-0.0853803
3,2,5,4,3,0.574604,0.820627
3,2,5,3,3,0.27008,0.0610642
3,2,5,2,3,0.922076,0.925874
3,2,6,3,3,0.218206,-0.847528
3,2,6,2,3,0.949526,-0.97811
3,1,6,2,3,0.491015,0.849975
3,1,6,1,3,0.677768,-0.615889
3,1,6,3,3,0.168369,0.589671
3,3,6,7,4,0.475274,0.654686
3,4,6,7,4,0.898234,0.723775
3,5,6,7,4,0.366701,-0.762917
3,5,5,7,4,0.606668,0.0560528
3,5,5,8,4,0.692482,-0.621426
3,6,5,8,5,0.725061,-0.450519
3,8,5,6,5,0.571158,0.32057
3,8,5,6,6,0.0871671,0.152476
3,2,5,5,3,0.128135,0.727357
3,3,5,7,3,0.230411,0.366629
3,2,5,7,3,0.980967,0.664621
3,4,5,6,4,0.777106,0.608065
3,5,5,6,4,0.0326718,0.722693
3,6,5,7,5,0.0592729,0.664955
2,0,6,2,1,0.962269,-0.149321
2,0,6,3,2,0.0561947,0.697441
2,0,6,4,2,0.459504,0.0523132
2,0,6,3,3,0.255038,0.129941
2,1,6,3,3,0.237272,0.297973
2,2,6,3,3,0.642778,-0.590628
2,2,6,2,3,0.277113,-0.821091
2,1,6,2,3,0.632491,0.0234876
2,2,7,3,3,0.639644,0.987559
2,2,7,2,3,0.161461,-0.384315
2,1,7,3,3,0.159363,-0.512005
2,2,7,6,3,0.62255,0.604782
2,3,6,7,4,0.73125,-0.909519
2,4,6,7,4,0.91104,-0.272217
2,5,6,7,4,0.0476762,-0.00520706
2,7,6,5,5,0.387501,0.500348
2,8,6,5,5,0.675123,0.314498
2,8,6,6,6,0.700737,-0.272638
2,9,6,5,6,0.55177,0.259974
3,0,6,3,3,0.766684,0.905747
3,3,6,6,3,0.0683283,0.494582
3,5,6,6,4,0.060699,-0.944563
3,6,6,6,5,0.603487,-0.725007
3,7,6,6,5,0.147016,-0.736059
3,9,6,6,7,0.517419,-0.642705
2,0,6,4,3,0.0577136,0.385456
2,2,6,6,3,0.741474,-0.250495
2,5,6,5,4,0.582218,-0.0327258
2,6,6,5,5,0.967401,-0.617684
3,4,6,6,4,0.444814,0.623269
3,6,6,7,5,0.211553,0.760295
1,0,7,2,2,0.903845,-0.0535636
1,0,7,3,2,0.337345,-0.728246
1,0,7,3,3,0.531536,0.464958
1,0,7,4,3,0.116518,-0.122392
1,1,7,4,3,0.0545628,0.524794
1,2,7,4,3,0.443064,0.502852
1,2,7,5,3,0.318058,-0.755865
1,2,7,5,4,0.121124,-0.345999
1,3,7,5,4,0.0859268,-0.112967
1,3,7,4,4,0.870898,-0.411459
1,4,7,5,4,0.105842,0.428678
1,4,7,4,4,0.65485,-0.378651
1,5,7,5,4,0.444221,-0.285169
1,5,7,4,4,0.516523,-0.751947
1,6,7,5,5,0.595934,-0.167318
1,7,7,5,5,0.784079,0.545405
1,7,7,6,5,0.408593,0.960431
1,8,7,6,5,0.161633,-0.035732
1,8,7,5,5,0.509932,0.833529
1,9,7,6,5,0.737634,0.14092
1,9,7,6,6,0.801569,-0.0952095
1,9,7,7,6,0.412269,0.318478
4,0,5,1,0,0.857315,0.831555
3,0,5,1,0,0.784784,-0.784915
2,5,7,4,4,0.913377,0.477157
2,6,7,5,5,0.483783,-0.212893
2,6,7,4,5,0.745029,-0.760654
2,4,5,9,4,0.533938,-0.240625
2,4,5,8,4,0.0231539,-0.968263
2,4,4,8,4,0.794891,0.636124
2,4,4,7,4,0.68248,0.0422054
2,5,4,7,4,0.203832,-0.793277
2,5,4,6,4,0.660928,0.976417
2,6,4,6,5,0.577832,-0.581821
2,6,4,5,5,0.254014,-0.0998395
2,6,4,4,5,0.724394,0.168248
2,5,4,5,4,0.571621,0.681142
2,7,4,5,5,0.657208,-0.40178
2,7,4,4,5,0.597064,-0.371791
2,5,4,4,4,0.962382,0.422948
2,6,4,7,5,0.14935,0.999771
2,7,4,7,5,0.209299,-0.775051
2,8,4,7,5,0.65422,0.369974
2,8,4,8,5,0.903398,-0.907364
2,8,4,8,6,0.0907777,0.903127
2,9,4,8,6,0.0886559,-0.64875
2,9,4,8,7,0.711228,0.620475
2,9,4,7,7,0.755735,-0.693176
2,9,4,6,7,0.89967,-0.91653
2,9,4,6,6,0.868501,-0.279426
3,0,4,0,0,0.141862,0.447063
3,0,5,3,2,0.41327,0.440378
3,1,5,3,2,0.497224,0.858162
3,1,5,2,2,0.967492,0.53457
3,1,5,2,3,0.382768,-0.242237
2,9,6,7,7,0.895742,0.0455995
2,9,6,8,7,0.0278811,0.350503
2,0,7,0,1,0.327637,0.141893
2,0,7,1,1,0.372543,0.276352
2,0,7,0,2,0.37375,-0.056543
1,0,7,1,2,0.993666,-0.0756891
1,0,7,2,3,0.545358,0.92556
1,0,7,5,3,0.949058,-0.908807
1,1,7,5,3,0.9276,-0.138983
1,1,7,6,3,0.255637,0.706814
1,2,7,6,3,0.366062,-0.502281
1,2,7,6,4,0.656331,0.812671
1,3,7,6,4,0.492942,-0.282319
1,4,7,6,4,0.397296,0.0590511
1,5,7,6,4,0.783035,0.255186
1,6,7,6,5,0.874212,0.564334
1,8,7,7,5,0.149824,-0.316957
1,9,7,7,5,0.831583,-0.869046
1,9,7,6,7,0.0482927,-0.13158
1,9,7,7,7,0.224651,0.540923
1,9,7,8,7,0.0553083,-0.546615
2,9,7,9,8,0.0243579,0.423657
2,9,6,9,8,0.722164,-0.5067
3,1,6,1,2,0.750923,-0.203705
2,4,5,7,4,0.786239,0.580658
2,5,5,7,4,0.767542,0.192832
2,5,5,6,4,0.660597,0.323583
2,5,5,5,4,0.685719,-0.513653
2,6,5,5,5,0.270522,-0.642335
2,6,5,6,5,0.486249,0.673394
2,7,5,6,5,0.186873,0.00715985
3,0,6,2,0,0.103194,-0.291968
2,0,6,2,3,0.664553,-0.303416
2,0,6,1,3,0.606197,0.714206
2,2,7,7,3,0.211952,-0.982989
2,2,7,7,4,0.114108,0.670657
2,3,7,7,4,0.516763,-0.222794
2,4,7,7,4,0.853905,0.153438
2,7,7,5,5,0.500921,-0.0788271
2,4,7,2,4,0.0568207,0.698517
2,3,6,2,4,0.346554,0.851774
2,0,6,0,0,0.41445,0.358946
2,3,6,6,3,0.562585,0.0601553
2,5,6,4,4,0.731944,-0.962944
2,5,6,3,4,0.460575,-0.733175
2,4,6,3,4,0.396699,0.789079
5,0,5,1,0,0.75695,0.80486
5,0,5,0,0,0.0153945,-0.0522165
5,0,5,1,1,0.501348,-0.622358
5,0,5,0,1,0.734768,-0.927909
4,0,5,1,1,0.646933,0.424848
4,0,6,1,1,0.943207,0.349646
4,0,6,2,1,0.171723,-0.09493
4,0,6,2,2,0.942154,0.139037
4,0,6,3,2,0.51289,0.0405755
4,1,6,3,2,0.491189,0.100316
4,1,6,2,2,0.701714,-0.557785
4,1,6,2,3,0.188236,-0.843073
4,1,6,3,3,0.844248,0.0300361
4,2,6,3,3,0.154449,0.267058
4,2,6,2,3,0.222668,-0.0383189
4,1,6,4,3,0.2294,-0.296482
4,2,6,4,3,0.0167912,-0.249115
4,2,6,5,3,0.743121,-0.82948
4,3,6,4,3,0.331573,-0.852201
4,3,6,4,4,0.66666,-0.258052
4,3,6,5,4,0.965783,0.443668
4,3,6,6,4,0.488224,0.647093
4,4,6,6,4,0.23605,-0.85172
4,5,6,6,4,0.120967,-0.601398
4,5,6,5,4,0.860472,0.447062
4,6,6,6,5,0.600794,0.669026
4,7,6,6,5,0.262542,-0.277958
4,7,6,7,5,0.319112,-0.263317
4,8,6,7,5,0.578254,0.993459
4,8,6,6,5,0.713912,0.426469
4,8,6,6,6,0.679105,0.615172
4,0,6,0,0,0.553244,0.3368
2,1,7,1,3,0.468891,-0.142805
2,0,7,1,3,0.00852304,0.835676
2,9,6,8,6,0.162989,0.833808
2,9,6,9,6,0.613993,0.606502
2,9,6,9,7,0.0492873,0.918136
4,0,7,1,1,0.270469,0.0428704
1,1,7,3,3,0.464416,0.789029
1,2,7,4,4,0.0802315,-0.986165
1,9,7,8,6,0.487461,-0.0526884
1,9,7,9,7,0.388673,-0.165194
1,9,7,9,8,0.0117054,0.0224368
2,9,7,9,9,0.0334531,-0.0230325
3,0,6,2,3,0.208966,0.931874
2,9,6,6,7,0.767527,-0.467348
2,8,6,5,6,0.545891,0.039158
3,0,6,1,3,0.683732,0.736289
3,9,5,9,7,0.721449,-0.966136
2,0,7,2,1,0.843529,-0.601762
1,0,7,0,2,0.383101,0.677179
1,0,7,0,1,0.399217,-0.768833
1,0,7,1,1,0.259086,0.655051
1,0,7,4,2,0.213047,0.370057
1,4,7,3,4,0.505004,0.328559
1,6,7,4,5,0.11026,-0.0970067
1,7,7,7,5,0.417294,0.956154
4,0,6,0,1,0.49518,0.241259
3,0,7,0,2,0.725107,0.0279313
3,1,7,1,3,0.00682868,-0.408476
3,0,7,1,3,0.065955,0.714535
2,0,7,5,3,0.353777,-0.27994
2,2,7,4,4,0.805991,-0.311395
2,3,7,2,4,0.469012,0.853154
2,2,7,2,4,0.464316,0.765724
2,2,7,1,3,0.732601,0.846902
1,4,6,6,4,0.0119374,-0.958845
1,5,6,6,4,0.323743,-0.0166502
1,6,6,6,5,0.676082,-0.476591
1,7,6,6,5,0.602241,-0.995213
1,8,6,6,5,0.341064,0.731787
1,8,6,7,5,0.0919782,-0.727476
1,9,6,7,6,0.320039,-0.515956
5,0,7,4,2,0.956475,0.603531
5,0,7,5,2,0.403576,-0.524008
4,0,7,4,3,0.993332,0.197253
4,2,7,4,3,0.862747,0.861236
4,2,7,5,3,0.32071,-0.162116
4,2,7,5,4,0.424455,0.0266937
4,3,7,5,4,0.395633,0.692204
4,3,7,4,4,0.860698,-0.225845
4,3,7,3,4,0.0915871,-0.687113
4,3,7,2,4,0.0980341,0.980801
4,2,7,2,4,0.0850567,-0.823754
4,2,7,2,3,0.539317,0.26262
4,2,7,1,3,0.556057,-0.687248
4,1,7,1,3,0.273878,-0.146137
4,1,7,2,3,0.658837,-0.925494
4,4,7,5,4,0.215665,-0.783958
4,5,7,5,4,0.686423,0.931986
4,6,7,5,5,0.393672,0.648628
4,6,7,6,5,0.408926,-0.0508655
4,7,7,6,5,0.149338,0.171156
4,7,7,5,5,0.62951,0.313044
4,7,7,4,5,0.995455,-0.432904
2,0,5,1,2,0.0164972,-0.242584
2,0,5,2,2,0.435434,-0.139842
2,1,6,4,2,0.281115,0.862835
2,1,6,1,3,0.848529,-0.203335
2,1,6,1,2,0.98191,-0.493828
2,4,6,4,4,0.600113,-0.434467
2,3,6,2,3,0.232272,0.125806
1,1,6,2,3,0.168615,0.281479
1,1,6,1,3,0.496498,0.510123
1,1,6,3,3,0.935791,-0.245043
1,2,6,5,3,0.776324,0.929352
1,3,6,5,3,0.118658,0.143967
1,3,6,5,4,0.579158,-0.753462
1,3,6,4,4,0.679625,0.383368
1,3,6,3,4,0.648694,0.347959
1,4,6,5,4,0.302076,-0.259955
1,4,6,4,4,0.267754,0.134229
1,5,6,5,4,0.187553,-0.784839
1,7,6,7,5,0.911112,0.844459
1,8,6,8,5,0.332056,-0.333204
1,8,6,8,6,0.17659,-0.948559
1,9,6,8,6,0.282916,-0.751916
1,9,6,9,6,0.61627,0.167231
1,9,6,9,7,0.80983,-0.51456
1,9,6,8,7,0.611843,-0.772828
1,9,6,7,7,0.589052,0.420342
1,9,6,6,7,0.340867,0.679245
3,1,5,5,2,0.695562,0.907957
3,1,5,5,3,0.656493,-0.0678406
3,2,6,1,3,0.985611,-0.386537
3,4,5,7,4,0.944089,0.19323
5,0,7,1,0,0.979943,-0.924809
4,0,7,2,1,0.29566,-0.145857
4,0,7,1,2,0.0499482,0.709094
4,0,7,0,2,0.0158538,0.68386
3,1,7,4,3,0.725299,-0.412304
3,1,7,5,3,0.967489,0.811399
3,2,7,5,3,0.20852,0.502166
3,2,7,5,4,0.906509,-0.853145
3,2,7,4,4,0.632998,0.0111229
3,2,7,3,4,0.235938,-0.00340235
3,2,7,3,3,0.194013,-0.794205
3,2,7,4,3,0.185908,-0.99558
2,7,7,3,5,0.455061,-0.906394
2,4,7,4,4,0.288934,-0.151827
3,7,7,4,5,0.0204543,0.731643
3,7,7,3,5,0.81152,-0.483015
3,6,7,3,5,0.803907,0.735292
3,5,7,3,4,0.720775,0.0501452
3,5,7,4,4,0.577962,0.0530077
3,4,7,4,4,0.762368,-0.640883
3,4,7,3,4,0.827253,0.605876
3,6,7,4,5,0.262224,-0.645985
3,5,7,5,4,0.637938,-0.758534
3,5,7,6,4,0.178272,-0.263524
3,6,7,6,5,0.898959,0.0684154
3,7,7,6,5,0.610281,-0.67427
3,8,7,6,5,0.803958,0.682112
3,9,7,6,5,0.747724,-0.871786
3,9,7,6,6,0.315166,0.86266
3,3,7,4,4,0.829618,-0.636998
3,3,7,5,4,0.579422,0.437354
3,4,7,5,4,0.283199,-0.00395587
3,4,7,6,4,0.901334,-0.546743
3,6,7,7,5,0.784266,0.783341
3,7,7,7,5,0.487646,0.899064
3,8,7,7,5,0.426109,0.315808
3,9,7,7,5,0.538972,0.763184
3,9,7,7,6,0.826525,-0.650735
3,9,7,5,6,0.936626,-0.849737
3,9,7,4,6,0.486553,-0.33023
3,9,7,4,5,0.0106179,0.694214
3,8,7,4,5,0.372804,0.8041
3,7,7,5,5,0.880754,0.928057
2,7,6,4,5,0.227741,0.208602
2,6,6,4,5,0.7481,-0.532988
2,9,7,8,6,0.398392,-0.295296
3,9,6,9,7,0.817163,-0.595556
3,9,6,9,8,0.786588,-0.117743
2,0,7,0,0,0.780372,-0.503077
2,9,7,6,7,0.645038,0.826147
2,9,7,5,7,0.410633,0.806221
2,9,7,6,6,0.646266,0.353387
2,8,7,6,5,0.590008,-0.684193
2,4,6,2,4,0.340354,-0.720897
2,3,7,3,3,0.695761,-0.170083
2,4,4,9,4,0.617945,0.365404
2,4,4,4,4,0.148291,0.774271
2,4,4,3,4,0.621261,-0.913433
2,3,4,4,4,0.0686126,0.93422
2,3,4,5,4,0.0248824,-0.0434134
2,4,4,5,4,0.44693,-0.958907
2,4,4,6,4,0.516549,0.990162
2,9,4,9,6,0.726287,0.110381
2,9,4,9,7,0.0254929,0.455195
2,6,7,7,5,0.377779,0.152944
2,0,5,2,1,0.277414,-0.125836
2,0,5,3,1,0.34732,-0.415771
2,0,4,2,1,0.0953723,-0.287805
2,0,4,1,1,0.144094,0.500075
2,0,4,0,1,0.180214,-0.997178
2,0,5,0,1,0.159271,0.92837
2,0,5,1,1,0.47791,0.00645955
2,1,6,3,2,0.458182,-0.974933
1,2,6,3,3,0.713465,0.592738
1,2,6,4,3,0.189659,-0.824061
1,3,6,4,3,0.749175,-0.433957
1,3,6,6,4,0.349902,-0.211201
1,8,6,7,6,0.392679,0.505328
1,9,5,8,6,0.0845161,0.0986196
1,9,5,8,7,0.055976,0.274709
1,9,5,9,7,0.994435,-0.58124
3,0,5,0,2,0.404585,-0.0165563
3,1,5,1,2,0.0340797,0.61693
2,9,5,9,7,0.356234,-0.517617
2,0,5,0,2,0.916595,-0.65458
2,0,5,3,2,0.200103,0.913253
2,2,6,1,3,0.507534,-0.555689
2,2,5,5,3,0.388291,0.578572
2,3,5,5,3,0.00263226,0.0401536
2,3,5,4,3,0.266811,0.579298
2,4,5,4,4,0.00761866,0.554762
2,4,5,5,4,0.171377,-0.780872
2,4,5,3,4,0.372577,0.497173
2,3,5,4,4,0.227793,0.355718
1,5,6,4,4,0.312632,-0.965204
1,4,4,9,4,0.364919,0.0559743
1,4,4,8,4,0.0741528,-0.613466
1,4,4,7,4,0.0899864,0.757239
1,5,4,7,4,0.976732,0.930156
1,5,4,6,4,0.544471,0.463407
1,5,4,5,4,0.332115,-0.634359
1,5,4,4,4,0.55257,0.144307
1,4,4,4,4,0.82414,0.435287
1,4,4,3,4,0.118906,0.0273109
1,4,4,5,4,0.357596,0.8928
1,4,4,6,4,0.66341,-0.656109
1,6,4,6,5,0.898818,0.552924
1,7,4,6,5,0.404647,-0.797186
1,7,4,5,5,0.630475,0.708159
1,7,4,7,5,0.465157,0.0905919
1,8,4,7,5,0.237493,0.798119
1,8,4,7,6,0.549301,-0.611038
1,8,4,6,6,0.983658,0.157645
3,1,6,5,2,0.21574,0.554211
3,1,5,6,3,0.784283,0.509302
3,3,5,5,3,0.244228,-0.0111719
3,3,5,3,4,0.717368,0.0770184
3,3,5,4,3,0.568495,0.778044
3,3,5,3,3,0.354219,0.264484
2,7,4,6,5,0.716594,-0.0119927
2,1,6,2,2,0.24155,0.435303
1,8,4,6,5,0.179257,-0.827063
2,2,7,3,4,0.0912038,0.855521
2,3,4,3,4,0.538365,-0.610425
2,3,4,3,3,0.30758,-0.115473
2,3,4,4,3,0.108673,-0.150519
2,3,5,5,4,0.0870688,0.328716
2,3,5,3,4,0.572619,-0.689506
2,3,5,3,3,0.312432,0.165765
2,3,5,2,3,0.201774,-0.0334199
2,2,5,2,3,0.661398,0.952193
2,2,5,3,3,0.053762,0.694877
2,2,5,4,3,0.907535,-0.859481
1,3,5,3,3,0.958796,0.137311
1,2,5,3,3,0.465073,-0.171099
1,2,5,2,3,0.934107,-0.922005
5,0,7,1,2,0.410378,0.708603
4,0,7,4,2,0.755799,-0.15892
3,0,7,4,3,0.580031,-0.189936
3,6,7,5,5,0.118447,-0.604378
3,4,6,8,4,0.995553,0.032444
3,4,5,8,4,0.6167,0.762077
3,6,5,4,5,0.158585,-0.36384
3,5,5,4,4,0.896536,0.166628
3,9,5,9,6,0.444892,-0.406193
3,1,6,2,2,0.341832,0.743461
3,7,5,8,5,0.202924,-0.50408
3,8,5,8,5,0.943562,-0.390441
3,8,5,8,6,0.154721,0.0332822
3,9,5,7,7,0.582372,0.593798
3,8,6,8,6,0.883601,-0.384465
3,0,7,0,3,0.579917,-0.261224
3,0,7,5,3,0.254238,-0.343696
3,3,7,6,4,0.356128,0.606281
3,2,7,2,4,0.470056,0.922994
3,2,7,2,3,0.992907,-0.172152
3,0,7,1,0,0.504862,-0.760326
2,0,7,1,0,0.772704,0.950945
2,1,7,6,3,0.258142,0.78292
2,9,7,8,5,0.502521,0.432247
2,9,7,9,6,0.850502,0.330816
2,8,6,8,5,0.336966,0.407932
1,6,6,5,5,0.587307,0.386674
2,4,3,9,4,0.285015,-0.774889
2,4,3,8,4,0.314834,0.823893
2,4,3,7,4,0.752949,0.826104
2,4,3,6,4,0.142849,-0.00874695
2,5,3,6,4,0.01347,-0.0690065
2,6,3,6,5,0.861645,-0.728884
2,6,3,7,5,0.0229295,0.768974
2,7,3,7,5,0.907489,-0.428816
2,7,3,8,5,0.038624,0.389931
2,8,3,8,6,0.521483,-0.294759
2,8,2,8,6,0.904999,-0.311284
2,8,2,7,6,0.19942,-0.530291
4,0,7,1,0,0.688508,0.471337
3,0,7,3,1,0.630851,-0.930069
1,3,7,3,4,0.0931409,0.399766
1,2,7,3,4,0.762862,-0.762159
1,2,7,3,3,0.484382,0.909786
1,6,7,7,5,0.10833,-0.912847
1,8,6,5,5,0.417887,0.360152
3,0,5,2,0,0.0273126,-0.74517
2,0,5,0,0,0.106258,-0.0220334
5,0,7,2,3,0.152619,0.0351141
4,0,7,1,3,0.150623,0.29674
4,2,7,4,4,0.473806,-0.268194
4,3,7,6,4,0.718447,0.313109
4,4,7,6,4,0.837125,-0.568492
4,5,7,6,4,0.833573,0.248697
4,6,7,4,5,0.884665,0.273077
4,5,7,4,4,0.153912,0.00934891
4,5,7,3,4,0.301199,-0.861564
4,4,7,3,4,0.638587,-0.848175
4,4,7,2,4,0.422308,-0.562444
4,2,7,3,3,0.33266,-0.0439598
4,8,7,6,5,0.666655,0.0616364
4,8,7,5,5,0.617101,0.00327981
4,8,7,4,5,0.668113,-0.131615
3,6,6,5,5,0.70268,0.516525
3,8,6,5,5,0.4122,0.659174
3,7,6,5,5,0.616745,0.169341
2,6,5,4,5,0.910493,0.70081
2,5,5,4,4,0.00950587,0.893098
2,5,5,3,4,0.398879,0.669849
2,3,5,2,4,0.739428,-0.291209
2,1,5,2,3,0.680824,-0.917036
2,1,5,3,3,0.135456,-0.903547
2,2,5,6,3,0.114214,-0.481202
2,3,5,6,3,0.805521,-0.978934
2,4,5,6,4,0.859096,-0.894584
2,7,5,7,5,0.317161,0.858226
2,8,5,7,5,0.126707,0.974742
2,8,5,8,5,0.0489378,-0.389276
2,8,5,8,6,0.358539,0.276628
2,9,5,8,6,0.934877,0.463251
2,9,5,7,6,0.577494,-0.869747
2,9,5,7,7,0.730219,0.504297
3,8,6,8,5,0.227019,0.257697
3,8,5,5,5,0.928113,-0.750052
3,7,5,5,5,0.447479,0.0766838
3,0,7,5,2,0.138133,-0.303528
3,0,7,6,2,0.571518,-0.278911
3,4,7,7,4,0.654795,0.798867
3,5,7,7,4,0.364493,0.578382
3,7,7,8,5,0.522145,0.969098
3,8,7,8,5,0.787949,0.904944
3,9,7,8,5,0.362421,-0.752081
3,9,7,8,6,0.446069,-0.0445346
2,2,6,7,3,0.899494,-0.0198745
2,3,6,7,3,0.181436,0.642929
2,8,6,4,5,0.58569,0.683832
2,7,6,3,5,0.282516,-0.435373
2,7,6,2,5,0.437647,0.0886947
2,6,6,2,5,0.0770481,0.386845
2,5,6,2,4,0.65704,-0.429231
2,4,6,8,4,0.745872,0.830526
2,6,5,3,5,0.195618,0.799233
2,6,5,7,5,0.400859,-0.460006
2,8,5,6,5,0.0471421,0.493719
2,8,5,6,6,0.830872,0.00777439
2,9,5,6,6,0.96251,0.352628
2,9,5,8,7,0.10051,-0.729906
1,1,7,2,3,0.0285472,-0.11593
0,2,7,3,4,0.535052,-0.0467989
0,2,7,3,3,0.585184,0.0660843
0,2,7,4,3,0.942889,0.543676
0,2,7,4,4,0.756805,0.634177
0,3,7,4,4,0.403332,0.396034
0,3,7,5,4,0.649437,0.043483
0,4,7,5,4,0.618755,0.968909
0,4,7,4,4,0.730481,0.948519
0,5,7,5,4,0.29524,-0.568607
0,5,7,4,4,0.897256,-0.284621
0,6,7,5,5,0.529456,0.00709432
0,6,7,4,5,0.624733,0.554063
0,7,7,5,5,0.0765945,-0.332911
0,7,7,4,5,0.238734,0.633052
3,7,5,9,5,0.0611963,0.580177
3,8,5,9,5,0.629084,0.232623
5,0,7,3,3,0.352998,0.474185
5,0,7,4,3,0.659245,0.612845
5,0,7,5,3,0.396701,0.125941
5,1,7,5,3,0.277191,0.0808742
5,2,7,3,3,0.0775547,0.589626
5,2,7,4,4,0.621343,-0.147101
5,2,7,3,4,0.120403,-0.479213
5,4,7,7,4,0.637058,0.734043
5,5,7,7,4,0.946212,0.972035
5,6,7,7,5,0.882791,0.252715
5,7,7,7,5,0.989973,0.590634
5,7,7,8,5,0.736473,-0.0876689
5,8,7,8,5,0.735594,-0.925659
5,8,7,7,5,0.700666,-0.58808
5,9,7,7,5,0.180708,0.989893
5,9,7,7,6,0.631295,-0.0421967
5,9,7,8,6,0.0539068,-0.743256
5,9,7,8,7,0.349902,0.952453
5,9,7,9,7,0.118587,-0.594482
5,9,7,6,6,0.698975,0.709446
5,9,7,9,6,0.797355,0.051838
2,0,7,3,1,0.518884,0.595727
1,9,7,5,6,0.676238,0.037242
1,9,7,5,5,0.944144,0.692256
1,8,7,4,5,0.671317,-0.0690734
1,7,7,4,5,0.597469,0.629084
1,7,7,3,5,0.999514,0.459599
1,6,7,3,5,0.456495,0.963081
1,5,7,3,4,0.833815,0.238128
4,0,7,5,2,0.843152,0.84481
3,3,7,3,4,0.958854,0.100253
3,9,6,9,6,0.99006,-0.909521
3,9,5,6,6,0.603603,-0.214972
3,3,5,7,4,0.944192,-0.292221
3,1,7,6,3,0.926152,0.72757
3,2,7,6,3,0.182707,-0.202997
3,2,7,6,4,0.653974,-0.601688
3,9,7,9,6,0.241315,-0.165178
3,9,7,7,7,0.564252,0.536085
3,8,6,4,5,0.34729,-0.0678419
3,7,6,4,5,0.0983877,0.255992
3,7,6,3,5,0.182143,-0.783831
3,6,6,3,5,0.316261,-0.696152
3,3,7,2,4,0.586505,-0.695813
3,8,6,3,5,0.125432,0.93687
3,6,6,4,5,0.777213,0.0696589
3,9,5,6,7,0.401544,-0.412151
3,3,6,2,3,0.451537,-0.762616
2,9,4,7,6,0.723199,-0.230973
3,6,4,6,5,0.812076,-0.297775
3,6,4,5,5,0.936599,0.80169
3,7,4,6,5,0.826161,0.251758
3,8,4,6,5,0.525269,0.43278
3,8,4,5,5,0.126048,0.198867
3,7,4,5,5,0.406159,-0.376027
3,4,3,9,4,0.514903,0.0869172
3,4,3,8,4,0.192895,0.803568
3,4,3,7,4,0.395702,-0.302277
3,5,3,7,4,0.0894609,-0.714657
3,6,3,7,5,0.551586,-0.814361
3,7,3,7,5,0.0902312,0.791109
3,8,3,7,5,0.0839477,0.56163
3,8,3,7,6,0.163616,-0.474054
3,8,3,6,6,0.335685,-0.970155
3,8,3,5,6,0.567442,0.446686
5,1,4,6,3,0.387318,0.0813243
5,1,4,6,2,0.521128,-0.969957
5,1,4,5,2,0.0809625,-0.24515
5,0,4,5,2,0.26202,-0.0723916
5,0,4,4,2,0.171427,-0.0768788
5,0,4,3,2,0.808584,0.606541
5,0,4,2,2,0.767462,-0.486843
5,1,4,2,2,0.683823,0.234202
5,1,4,1,2,0.383277,-0.387097
5,0,4,1,2,0.297323,-0.187847
5,0,4,0,2,0.290984,-0.777017
5,0,4,0,1,0.882907,0.909275
4,0,4,0,1,0.778672,0.021527
4,0,4,1,1,0.226701,-0.478171
4,0,4,2,1,0.0123789,0.18552
4,0,4,2,2,0.104964,0.0497265
4,0,4,3,2,0.448883,-0.933378
4,1,4,2,2,0.864271,-0.599971
4,1,4,3,2,0.835235,-0.0429842
4,1,4,4,2,0.0379017,-0.266408
4,1,4,3,3,0.611898,-0.229261
4,2,4,3,3,0.563766,0.523526
4,2,4,2,3,0.329301,-0.258774
4,1,4,2,3,0.941914,-0.337489
4,1,4,4,3,0.518161,0.076293
4,2,4,4,3,0.770575,0.658575
4,2,4,5,3,0.997707,0.0333395
4,2,4,6,3,0.108012,0.0331637
4,3,4,6,3,0.149157,0.549289
4,3,4,5,3,0.000669035,-0.125049
4,3,4,5,4,0.448781,0.521358
4,4,4,5,4,0.931758,-0.615886
4,4,4,4,4,0.109886,-0.832827
4,4,4,3,4,0.876174,0.397714
4,3,4,3,4,0.80538,0.296216
4,3,4,3,3,0.462382,0.391628
4,3,4,4,3,0.205182,0.526271
4,3,4,4,4,0.722178,0.19402
4,3,5,4,4,0.533654,-0.416328
4,3,5,4,3,0.0556605,-0.510646
4,3,5,3,3,0.0257847,-0.332341
4,3,5,2,3,0.0377119,-0.578472
4,2,5,2,3,0.142338,0.450026
4,2,5,3,3,0.951455,-0.212801
4,1,5,2,3,0.179075,0.404071
4,1,5,3,3,0.19309,-0.479296
4,1,5,4,3,0.443646,0.375944
4,2,5,4,3,0.497644,0.0067015
4,2,5,5,3,0.553415,-0.754978
4,2,5,6,3,0.988779,-0.742479
4,3,5,6,3,0.107306,0.296446
4,3,5,5,3,0.0969289,-0.693599
4,3,5,5,4,0.394647,-0.114687
4,3,5,6,4,0.813743,0.483288
4,4,5,6,4,0.352278,0.482955
4,5,5,6,4,0.900964,-0.639397
4,5,5,5,4,0.541828,-0.598774
4,6,5,6,5,0.33237,0.74963
4,7,5,6,5,0.853311,0.375816
4,7,5,5,5,0.640468,-0.24031
3,1,5,1,3,0.895546,-0.350502
2,8,6,8,6,0.591802,-0.544054
5,1,7,6,3,0.851491,-0.234846
5,2,7,6,3,0.0654666,0.661344
5,2,7,6,4,0.113513,0.958884
5,9,7,6,5,0.64351,0.938479
5,9,7,5,6,0.132141,-0.895502
5,9,7,5,5,0.0644341,0.8543
3,8,7,5,5,0.403141,0.786176
2,5,7,7,4,0.684787,0.759323
2,9,6,4,6,0.368226,0.564835
2,8,6,4,6,0.950467,-0.910119
2,6,6,3,5,0.388343,0.676311
2,0,6,1,0,0.115135,-0.0666443
3,8,5,5,6,0.418372,-0.849858
2,0,7,5,2,0.255215,0.0613458
3,8,5,4,5,0.305157,-0.857428
5,0,7,1,3,0.0418218,-0.357268
5,1,4,4,2,0.631351,0.219322
5,1,4,4,3,0.126168,-0.309442
5,2,4,4,3,0.1572,-0.099163
5,2,4,3,3,0.782463,-0.563237
5,2,4,2,3,0.774256,0.0590163
5,1,4,2,3,0.617686,0.658569
5,1,4,3,3,0.364337,-0.167044
5,1,5,2,3,0.44786,0.11052
5,1,5,3,3,0.552332,-0.841164
5,1,5,4,3,0.73335,-0.521261
5,2,5,4,3,0.00165305,-0.955921
5,2,5,5,3,0.431145,0.278944
5,3,5,4,3,0.135496,0.00464856
4,5,5,7,4,0.881752,-0.0410474
4,6,5,7,5,0.469442,0.309384
4,7,5,7,5,0.0842787,-0.107009
4,7,5,8,5,0.0479578,-0.943661
4,7,4,8,5,0.432947,-0.0125542
4,7,4,9,5,0.280937,0.9171
4,6,4,8,5,0.946894,0.155422
4,6,4,7,5,0.922942,0.62073
4,7,4,7,5,0.101747,-0.762882
3,9,6,4,6,0.233544,0.362207
3,8,6,4,6,0.0683133,-0.405332
3,1,6,7,3,0.564821,0.663208
3,9,4,9,7,0.25231,0.356738
3,6,6,8,5,0.419567,0.402597
3,4,5,2,4,0.572345,-0.493699
3,4,5,3,4,0.931742,-0.642582
2,2,7,6,4,0.242104,0.669491
4,0,6,1,2,0.887409,0.191625
2,8,7,8,5,0.572425,0.580032
2,7,5,5,5,0.631742,0.427001
3,3,7,7,4,0.34257,0.155358
3,2,5,1,3,0.526951,0.942799
2,2,5,1,3,0.527086,0.802803
2,1,5,1,3,0.76511,0.687297
2,1,5,4,3,0.128479,0.722209
2,1,5,5,3,0.796882,0.30614
2,3,5,6,4,0.369861,-0.758998
2,8,5,7,6,0.117965,0.970692
2,0,6,5,2,0.759402,0.730614
2,0,6,5,3,0.148808,-0.725244
3,2,7,1,3,0.0220664,0.759346
0,6,7,6,5,0.374957,0.24745
0,7,7,6,5,0.949225,0.977642
0,7,7,7,5,0.831434,-0.71282
0,8,7,7,5,0.485394,0.243717
0,9,7,7,5,0.0142382,-0.764361
0,9,7,7,6,0.557424,-0.705094
0,9,7,6,6,0.968424,0.281008
5,0,5,3,1,0.168438,-0.560132
5,0,5,2,1,0.0614526,-0.266593
5,0,5,1,2,0.299978,-0.397684
5,0,5,2,2,0.668774,0.870055
4,0,5,2,2,0.558006,0.594993
4,0,5,1,2,0.749973,0.437675
4,0,5,3,2,0.0406931,0.399068
4,1,5,2,2,0.266474,0.742325
4,1,5,3,2,0.534431,0.287188
4,3,5,3,4,0.807921,-0.323826
4,4,5,7,4,0.738701,-0.74736
4,5,5,8,4,0.740606,-0.522916
4,8,5,7,5,0.273301,0.930065
4,8,5,8,5,0.0115781,-0.360669
4,8,5,8,6,0.538088,0.623742
4,8,5,9,6,0.109771,0.849615
4,9,5,8,6,0.98863,0.0369413
3,3,6,7,3,0.193761,0.862064
5,2,4,6,3,0.3807,-0.069322
5,1,4,5,3,0.708327,-0.164173
5,2,4,5,3,0.219745,0.506598
5,2,4,1,3,0.0386397,0.0141567
5,1,4,1,3,0.601191,0.501078
5,1,4,0,2,0.659717,0.659956
3,7,6,8,5,0.282008,0.67618
2,0,7,6,3,0.358106,0.551597
2,0,6,6,3,0.212977,-0.00710371
2,8,5,5,5,0.536382,0.978558
2,7,5,4,5,0.509022,-0.282382
2,7,5,3,5,0.1196,-0.768
3,2,6,7,3,0.897038,0.541854
3,5,5,3,4,0.942473,0.304047
3,3,5,2,4,0.927084,-0.700328
2,8,4,6,5,0.619506,-0.75876
2,8,4,7,6,0.987688,-0.442068
2,8,4,6,6,0.441886,-0.842293
1,4,6,3,4,0.942548,-0.260143
1,9,6,6,6,0.481419,-0.515212
1,7,6,5,5,0.0371066,0.0884588
1,7,6,4,5,0.383957,0.91523
1,0,7,2,1,0.663233,-0.994712
1,4,7,7,4,0.857103,-0.813823
1,5,7,7,4,0.243468,0.168473
1,9,7,8,5,0.774079,-0.0719759
1,9,7,9,6,0.460325,-0.394973
2,0,5,4,2,0.344417,0.248739
2,1,5,4,2,0.343427,0.234026
2,1,5,3,2,0.893058,-0.110599
2,1,5,1,2,0.173536,-0.393013
2,1,5,2,2,0.108502,0.0246227
2,8,4,5,6,0.622489,-0.529496
1,1,6,4,3,0.806709,-0.945228
1,2,6,2,3,0.639491,0.929076
0,2,6,3,3,0.837344,0.958499
0,2,6,2,3,0.251023,-0.746167
0,2,6,1,3,0.278295,-0.899389
0,1,6,1,3,0.164761,0.122736
0,1,6,0,3,0.451402,-0.785127
0,0,6,0,3,0.215178,0.311766
0,0,6,0,2,0.00312907,0.688656
0,0,6,1,2,0.681359,0.0276587
0,0,6,2,2,0.483428,0.434301
0,0,6,3,2,0.955636,-0.412668
0,0,6,4,2,0.841085,-0.788733
0,0,6,4,3,0.698395,0.268653
0,1,6,4,3,0.415287,0.596524
0,1,6,5,3,0.774928,0.694575
0,2,6,4,3,0.743485,0.508835
0,2,6,5,3,0.463254,-0.656782
0,2,6,6,3,0.184365,-0.499332
0,3,6,6,3,0.516701,-0.248332
0,3,6,6,4,0.079243,0.908856
0,4,6,6,4,0.280392,0.42396
0,5,6,6,4,0.231033,-0.912453
0,5,6,5,4,0.216522,0.873338
0,6,6,5,5,0.781371,-0.895714
0,6,6,6,5,0.53425,0.734164
0,7,6,6,5,0.727893,0.774492
0,7,6,7,5,0.998685,0.293703
0,8,6,7,5,0.953502,0.239533
0,8,6,7,6,0.314629,-0.823809
0,9,6,7,6,0.513277,0.00240015
0,9,6,6,6,0.0473886,-0.322126
0,9,6,5,6,0.571935,0.266504
1,0,7,0,0,0.50268,0.259707
1,9,7,5,7,0.88733,-0.550439
2,9,7,5,6,0.317781,-0.0584775
0,1,7,3,3,0.555891,0.692555
0,1,7,4,3,0.384568,0.187936
0,2,7,5,3,0.0428111,-0.563797
0,2,7,5,4,0.899096,0.637603
0,7,7,3,5,0.0450932,-0.694385
0,6,7,3,5,0.790202,0.748057
0,5,7,3,4,0.651914,0.885844
0,5,7,6,4,0.22145,0.56511
0,4,4,9,4,0.86389,-0.480074
0,4,4,8,4,0.0976631,-0.857303
0,4,4,7,4,0.483712,-0.369923
0,5,4,7,4,0.0578483,-0.804702
0,6,4,7,5,0.103117,-0.248464
0,7,4,7,5,0.787363,0.330035
0,7,4,6,5,0.221659,-0.968822
0,8,4,6,5,0.341483,0.514331
0,8,4,6,6,0.781536,0.960465
0,8,4,7,6,0.806133,0.817178
0,8,4,8,6,0.417303,-0.857901
0,9,4,8,6,0.692308,-0.816114
1,9,4,8,6,0.292568,0.99772
1,9,4,8,7,0.0763948,-0.947217
3,0,4,1,0,0.000782606,-0.047531
1,1,6,5,3,0.318709,0.501568
1,1,6,6,3,0.645979,-0.694596
1,2,6,6,3,0.81739,-0.584389
1,3,4,4,4,0.348368,0.253555
1,6,4,5,5,0.662037,-0.483335
4,0,4,1,0,0.0612429,-0.81493
1,3,6,6,3,0.989647,0.535671
1,5,4,3,4,0.779034,-0.383718
1,3,4,3,4,0.841047,0.0665258
1,3,4,5,4,0.379744,-0.201803
1,6,4,7,5,0.726238,0.734982
1,2,7,2,3,0.759562,-0.594641
1,1,7,1,3,0.921469,-0.30141
1,0,7,1,3,0.368071,0.918246
4,9,7,6,5,0.735444,-0.573177
4,9,7,5,5,0.916776,-0.0418834
4,9,7,4,5,0.592867,-0.0509751
3,7,5,4,5,0.0650312,-0.143379
3,9,6,5,7,0.87813,-0.568317
3,9,5,5,6,0.157174,0.754096
3,8,5,4,6,0.0841742,-0.894519
3,8,5,3,5,0.916532,0.456332
3,7,5,3,5,0.991796,0.39288
2,1,6,0,3,0.870382,0.3041
2,0,6,0,3,0.779492,-0.570217
2,1,7,7,3,0.292425,0.4713
3,9,7,6,7,0.109858,0.437521
3,3,7,3,3,0.836657,0.330013
3,3,7,4,3,0.694034,0.751767
2,3,4,8,4,0.99807,0.756646
2,3,4,7,4,0.562936,0.420592
2,3,4,7,3,0.684544,-0.921685
2,3,4,6,4,0.898132,0.534339
2,7,4,8,5,0.850056,-0.557008
2,5,4,3,4,0.215565,-0.202383
2,0,6,6,2,0.462555,-0.124564
2,0,5,5,2,0.536853,0.626987
1,0,6,5,2,0.261006,-0.770826
1,0,6,6,2,0.203102,0.70827
1,0,6,5,3,0.36084,0.172863
1,9,6,5,6,0.273589,0.586538
1,8,6,6,6,0.993249,-0.783352
3,6,5,3,5,0.679356,-0.981585
3,4,4,9,4,0.317013,0.583378
3,4,4,8,4,0.17812,0.383104
3,4,4,7,4,0.581965,-0.992548
3,5,4,7,4,0.0916473,-0.0697516
3,5,4,6,4,0.828608,-0.211695
3,5,4,5,4,0.859519,0.171453
3,5,4,4,4,0.598331,-0.98841
3,5,4,3,4,0.198513,-0.151067
3,4,4,3,4,0.915862,-0.78476
3,4,4,2,4,0.153047,0.0400252
3,3,4,2,4,0.696678,0.0221387
3,3,4,2,3,0.599604,-0.0670924
3,2,4,2,3,0.493189,0.662827
3,2,4,3,3,0.702957,0.859158
3,2,4,4,3,0.0215048,0.100596
3,2,4,5,3,0.549004,0.964178
3,3,4,5,3,0.426806,-0.598306
3,3,4,6,3,0.393642,-0.882891
3,3,4,6,4,0.292113,0.972437
3,3,4,5,4,0.428504,0.678281
3,4,4,5,4,0.364863,0.910185
3,4,4,6,4,0.352306,-0.135333
3,6,4,4,5,0.138329,-0.220705
3,3,4,3,4,0.122207,0.237059
3,3,4,3,3,0.671811,-0.902487
3,3,4,4,3,0.333422,0.700557
3,7,4,7,5,0.189952,-0.842538
3,8,4,7,5,0.446311,0.427073
3,8,4,7,6,0.309343,-0.03314
3,3,5,2,3,0.595374,0.571035
3,9,5,4,6,0.375092,0.577057
5,0,3,0,0,0.610874,-0.17222
3,0,6,5,3,0.933697,0.721275
3,9,4,8,7,0.670409,-0.604272
4,4,7,4,4,0.613592,0.748814
4,8,7,8,5,0.219641,-0.774799
4,9,7,8,5,0.273179,0.697941
4,9,7,8,6,0.39514,0.736195
4,9,7,8,7,0.504163,0.0315096
4,9,7,7,7,0.796397,-0.121106
4,9,7,6,7,0.54126,0.590018
2,4,4,2,4,0.0491242,0.781824
2,0,6,3,1,0.163407,-0.743352
1,8,7,3,5,0.753973,-0.0715589
1,3,7,2,4,0.670039,0.313358
1,2,7,2,4,0.77057,-0.020063
3,8,6,5,6,0.594962,-0.875381
3,4,5,9,4,0.451647,0.793559
3,4,4,4,4,0.736674,0.307616
3,6,4,7,5,0.211396,0.161702
3,8,4,6,6,0.270387,0.896768
3,8,4,5,6,0.567532,0.0253498
3,8,4,4,6,0.506286,-0.814423
3,8,4,4,5,0.681319,0.155313
2,5,3,5,4,0.557196,0.42791
2,8,3,8,5,0.348355,0.266916
2,8,3,7,6,0.883918,0.75176
3,9,7,3,5,0.155435,0.872763
3,8,7,3,5,0.547868,0.366706
3,7,7,2,5,0.233079,-0.109317
3,6,7,2,5,0.495894,-0.893779
2,4,2,9,4,0.702797,0.0764465
2,4,2,8,4,0.389292,0.623232
2,4,2,7,4,0.751416,0.962695
2,4,2,6,4,0.76424,-0.422426
2,4,2,5,4,0.637332,-0.581635
2,5,2,7,4,0.845395,0.916118
2,5,2,6,4,0.921567,-0.325905
2,6,2,6,5,0.64395,-0.555226
2,6,2,5,5,0.545739,-0.460279
2,9,3,8,6,0.830932,0.647812
3,8,4,8,6,0.99334,-0.648632
3,9,4,8,6,0.878227,0.473414
3,9,4,9,6,0.336662,0.0273968
4,0,5,2,1,0.865778,-0.536331
5,0,5,0,2,0.0751837,-0.334685
4,1,5,5,3,0.441445,0.135241
3,7,4,4,5,0.783588,-0.994107
3,6,4,3,5,0.712049,-0.965234
3,3,4,4,4,0.549631,0.648884
2,0,4,0,0,0.781957,-0.893776
1,0,6,2,2,0.620853,0.097488
1,0,6,3,2,0.477549,0.183958
1,0,6,3,3,0.381606,0.873952
1,6,6,4,5,0.684401,0.0614675
2,8,7,3,5,0.142917,-0.787484
2,3,7,4,3,0.867583,-0.457959
1,8,6,4,5,0.0749528,-0.0866642
2,8,5,4,5,0.492316,0.276008
2,8,4,5,5,0.944449,0.668312
2,8,4,4,5,0.536102,-0.356721
2,7,6,8,5,0.284466,-0.0802584
2,8,6,3,6,0.403484,0.799741
2,8,6,3,5,0.339275,0.499553
1,5,6,3,4,0.355504,0.784507
1,6,6,3,5,0.168852,0.247814
1,9,7,4,6,0.937135,0.24087
1,9,7,4,5,0.735376,-0.331229
1,4,5,9,4,0.571577,0.4266
1,4,5,8,4,0.554698,0.279771
2,5,3,7,4,0.707869,-0.913584
2,7,3,6,5,0.698179,0.858145
2,8,4,4,6,0.239515,0.265113
3,1,6,0,3,0.20441,0.209391
3,1,6,0,2,0.620696,0.145667
4,0,5,3,1,0.563755,0.0310064
2,2,4,3,3,0.440872,0.239108
2,2,4,4,3,0.988097,0.289933
1,4,7,2,4,0.574082,0.861123
2,5,7,2,4,0.0244419,0.446989
1,6,4,4,5,0.238308,0.372154
3,8,3,8,6,0.54037,-0.354559
3,0,6,4,1,0.578897,0.385486
3,0,5,4,1,0.611596,-0.52215
2,3,5,7,3,0.595782,-0.719333
2,3,5,7,4,0.759485,-0.577257
2,3,5,8,4,0.896661,0.652303
2,3,5,8,3,0.0700236,-0.0611643
2,2,5,7,3,0.833372,-0.840193
2,7,4,3,5,0.0391768,-0.585077
2,3,5,1,3,0.493647,0.199721
3,5,4,8,4,0.268696,-0.497178
3,6,4,8,5,0.135113,0.974158
2,3,4,8,3,0.130877,-0.490328
2,2,4,8,3,0.570885,-0.477235
2,2,4,7,3,0.638626,0.771383
2,2,4,6,3,0.747555,0.835214
2,2,3,6,3,0.76367,-0.23255
2,2,3,5,3,0.808052,0.964146
2,3,3,5,3,0.0748966,0.984928
2,3,3,4,3,0.453362,-0.0663992
2,2,4,2,3,0.833378,-0.138389
2,3,4,5,3,0.0493999,0.52938
2,4,3,5,4,0.425005,0.174732
2,4,3,4,4,0.165913,-0.688356
2,4,3,3,4,0.817107,0.168417
2,4,3,2,4,0.68539,0.935912
2,3,3,2,4,0.932861,-0.14195
2,3,3,2,3,0.00851107,-0.805304
2,3,3,1,3,0.525447,0.893785
2,2,3,1,3,0.33129,-0.266967
2,2,3,2,3,0.802903,-0.210284
2,2,3,3,3,0.752765,-0.00800442
2,2,3,2,2,0.520032,-0.593585
2,6,2,7,5,0.863696,-0.886678
2,7,2,7,5,0.0776492,-0.606534
2,7,2,6,5,0.997783,0.427248
2,7,2,5,5,0.344822,0.797205
3,0,5,6,2,0.0794006,-0.0393385
2,4,5,2,4,0.146863,0.706629
3,9,4,7,6,0.0837197,-0.503788
3,2,5,8,3,0.79149,0.71221
3,1,5,7,3,0.598561,-0.0202905
3,1,5,0,2,0.0906382,-0.996942
3,1,5,0,3,0.280148,0.857197
2,3,4,2,4,0.914878,0.697754
2,3,4,2,3,0.372309,-0.0676751
2,3,4,6,3,0.252224,0.779688
3,6,6,2,5,0.896777,0.499105
5,2,7,2,3,0.750186,-0.915746
5,1,7,2,3,0.320752,0.936408
5,8,7,4,5,0.384524,-0.995838
5,8,7,3,5,0.235864,0.815434
5,7,7,3,5,0.246058,0.897971
5,6,7,3,5,0.312103,-0.306566
5,5,7,3,4,0.8082,0.197014
3,3,7,5,3,0.99629,-0.446146
3,3,5,8,4,0.538137,-0.259624
3,3,4,7,4,0.7846,0.151097
3,3,4,8,4,0.488374,0.783197
3,8,4,8,5,0.484317,0.981714
3,2,7,7,3,0.698266,-0.340017
3,2,7,7,4,0.597826,0.409073
3,3,5,8,3,0.558868,-0.522148
3,2,4,1,3,0.519078,-0.915174
3,1,4,2,3,0.269104,-0.851329
3,1,4,3,3,0.776229,-0.652399
3,1,4,4,3,0.95667,-0.890843
3,2,4,6,3,0.778262,0.329133
3,3,4,7,3,0.430862,-0.241118
3,9,4,6,6,0.436842,0.765387
3,9,4,5,6,0.576006,0.453237
5,3,4,6,3,0.532117,-0.100522
5,3,4,5,3,0.149849,0.919629
5,3,4,6,4,0.89966,0.231168
5,4,4,6,4,0.324811,0.241468
5,4,4,7,4,0.495204,0.988787
5,5,4,7,4,0.754009,-0.00421447
5,5,4,6,4,0.162587,-0.662282
5,6,4,6,5,0.649852,-0.24295
5,6,4,7,5,0.595486,-0.273334
5,7,4,6,5,0.769771,-0.867845
5,7,4,5,5,0.215923,0.203205
2,7,5,2,5,0.358606,0.794802
2,6,5,2,5,0.30075,-0.136249
2,5,5,2,4,0.363088,-0.523055
3,4,3,6,4,0.840415,-0.188174
3,5,3,6,4,0.916245,0.856616
3,5,3,5,4,0.907099,0.589885
3,5,3,4,4,0.653216,-0.662066
3,5,3,3,4,0.440712,-0.376076
3,4,3,3,4,0.126975,0.813109
3,4,3,2,4,0.809521,-0.0918877
3,3,3,2,4,0.719394,0.775806
3,3,3,2,3,0.811886,0.132769
3,3,3,3,3,0.310014,-0.551187
3,3,3,4,3,0.990411,0.628349
3,3,3,5,3,0.482643,0.224819
3,3,3,6,3,0.453028,-0.310144
3,3,3,5,4,0.278593,-0.471846
3,4,3,5,4,0.0358784,-0.474112
3,5,3,8,4,0.029632,0.0110628
3,7,3,6,5,0.692921,-0.651454
3,7,3,5,5,0.249503,0.142252
3,6,3,5,5,0.0151779,0.0828399
3,6,3,6,5,0.0267911,-0.436412
2,6,4,8,5,0.328524,-0.887925
2,1,6,6,3,0.970758,-0.46384
1,0,6,1,1,0.841522,0.485975
1,8,4,5,6,0.871581,-0.971733
1,8,4,5,5,0.667933,-0.796488
1,8,4,4,5,0.654076,-0.42019
1,7,4,4,5,0.612379,0.510833
5,0,7,0,2,0.965381,-0.488312
0,0,7,2,2,0.643141,-0.872228
0,0,7,3,2,0.925615,0.814318
0,0,7,3,3,0.249095,-0.895753
0,0,7,4,3,0.238089,-0.0503608
5,6,7,4,5,0.271514,0.842594
5,4,6,9,4,0.254345,-0.868606
5,4,6,8,4,0.221111,0.583209
5,4,6,7,4,0.924831,0.455593
5,5,6,7,4,0.314855,-0.942831
5,6,6,7,5,0.228122,-0.807293
5,7,6,7,5,0.657019,0.898347
5,8,6,7,5,0.986099,-0.306614
5,8,6,6,5,0.849443,-0.570722
5,8,6,5,5,0.877671,0.664226
5,7,7,4,5,0.748743,0.760244
3,7,4,8,5,0.591852,-0.93417
3,7,4,3,5,0.760173,0.894555
2,0,7,0,3,0.424677,0.94214
2,8,3,7,5,0.155201,-0.62233
2,8,3,6,6,0.888528,0.634344
2,8,3,5,6,0.040832,0.152249
2,8,3,4,6,0.445024,0.801173
2,8,3,4,5,0.949994,-0.394829
3,8,5,9,6,0.623262,-0.668045
4,1,5,1,2,0.865735,0.6579
4,0,5,4,2,0.835291,0.933692
4,1,5,4,2,0.546957,0.722897
4,3,6,5,3,0.372515,0.266979
4,4,6,5,4,0.926341,-0.0972078
4,4,6,4,4,0.63335,-0.18682
4,4,6,3,4,0.0208683,0.521514
4,3,6,3,4,0.125594,0.619604
3,5,6,2,4,0.827124,-0.393723
5,0,7,6,2,0.135852,0.231766
4,0,6,4,2,0.71949,-0.993765
4,0,6,4,3,0.0846127,-0.0720352
4,0,6,5,3,0.100271,-0.314161
4,1,6,5,3,0.668059,0.823566
4,1,6,6,3,0.750703,0.326984
4,5,6,4,4,0.961235,0.370257
4,4,5,9,4,0.422346,-0.985179
4,4,5,8,4,0.311779,-0.154864
4,6,5,5,5,0.738604,0.690327
4,8,5,6,5,0.272363,0.76249
3,4,3,4,4,0.261122,0.0660419
2,3,3,3,4,0.179844,-0.26303
2,3,3,3,3,0.4151,-0.0601029
2,2,4,5,3,0.746484,0.836888
2,8,5,5,6,0.431258,-0.146184
2,8,5,4,6,0.237369,-0.53771
5,1,7,1,3,0.113013,0.0246751
5,3,7,7,4,0.826429,0.205376
4,0,5,5,2,0.345274,0.0912612
4,1,5,5,2,0.730431,-0.632773
