# fitness=158.751
# z_env,vz_env,vtot_env,pitch_env,gamma_env,cmd_thrust,cmd_prof
5,0,4,0,0,0.813427,0.309775
4,0,4,0,0,0.46569,0.576361
4,0,5,0,0,0.985104,0.429054
3,0,5,0,0,0.261401,-0.148838
3,0,5,0,1,0.573167,0.172293
3,0,5,1,1,0.956819,0.211385
3,0,6,0,1,0.0751852,-0.713347
3,0,6,1,1,0.565228,0.584233
3,0,6,2,1,0.43174,0.753197
3,0,6,2,2,0.976789,0.623523
3,0,6,1,2,0.437031,0.809784
2,0,6,2,2,0.211023,-0.726891
2,0,6,3,2,0.446479,-0.412558
2,0,6,3,3,0.882845,0.452537
2,1,6,3,3,0.436024,-0.189365
2,1,6,4,3,0.355462,-0.453177
2,1,6,2,3,0.349368,0.893181
2,1,7,2,3,0.488429,-0.767956
2,1,7,3,3,0.894754,-0.626094
2,1,7,4,3,0.14476,0.523666
2,1,7,5,3,0.280381,-0.829131
2,2,7,5,3,0.348248,-0.795409
2,2,6,6,3,0.838343,-0.796904
2,3,6,6,4,0.591376,0.914986
2,4,6,6,4,0.872284,-0.669291
2,5,6,6,4,0.00132077,0.123407
2,6,6,6,5,0.172346,0.553515
2,7,6,6,5,0.49754,-0.00252838
2,8,6,6,5,0.389349,0.866911
2,8,6,5,5,0.0123705,0.373643
2,7,6,5,5,0.464572,0.0310678
2,8,6,7,5,0.774659,-0.481254
5,0,7,1,2,0.298397,-0.677402
5,0,7,2,2,0.0518826,0.0563618
4,0,7,1,2,0.135057,-0.68378
4,0,7,2,2,0.553107,-0.189767
3,0,7,2,2,0.610061,0.417605
3,0,7,3,2,0.0272596,0.724346
3,0,7,3,3,0.902636,-0.0899034
3,1,7,3,3,0.938771,-0.463803
3,1,7,4,3,0.139678,0.495935
3,1,7,5,3,0.272678,-0.321239
3,1,7,6,3,0.0349619,-0.952936
3,1,7,7,3,0.484293,-0.891272
3,2,7,7,3,0.494035,0.113546
3,2,7,6,3,0.266948,0.993218
3,2,7,6,4,0.413868,-0.026169
3,3,7,6,4,0.726378,-0.194254
3,3,7,5,4,0.429121,-0.439628
3,3,7,4,4,0.0834722,0.770632
3,3,7,3,4,0.752574,0.743539
3,2,7,4,4,0.567375,0.177972
3,2,7,3,4,0.878178,0.414066
3,2,7,2,4,0.828512,0.259544
3,2,7,2,3,0.437167,0.578889
3,1,7,2,3,0.226445,0.595685
3,1,7,1,3,0.507891,-0.164013
3,0,7,2,3,0.205397,0.125468
3,0,7,1,3,0.773366,0.0444314
3,0,7,1,2,0.870574,-0.946742
3,0,7,0,2,0.565814,0.916668
3,0,7,0,1,0.338873,0.37244
3,0,7,1,1,0.444646,-0.184524
3,2,7,8,3,0.846033,0.820854
3,1,7,8,3,0.732474,0.170963
3,2,7,5,3,0.029783,-0.404181
3,2,7,5,4,0.00270186,-0.264159
3,2,7,1,3,0.776924,-0.779875
2,0,7,1,1,0.417562,0.652622
2,0,7,1,2,0.617262,0.271903
2,0,7,2,2,0.52476,-0.170101
1,0,7,2,2,0.14804,-0.983729
1,0,7,3,2,0.124939,-0.338561
1,0,7,3,3,0.694418,0.429613
1,0,7,4,3,0.120685,-0.796106
1,1,7,4,3,0.579608,-0.341582
1,1,7,5,3,0.578453,-0.48921
1,2,7,4,3,0.809082,0.197304
1,2,7,5,3,0.603101,-0.790937
1,2,7,5,4,0.129095,-0.877106
1,3,7,5,4,0.0844951,-0.70812
1,3,7,4,4,0.696838,0.489917
1,4,7,4,4,0.886747,-0.0548986
1,4,7,5,4,0.272,0.413073
1,5,7,5,4,0.240586,0.516697
1,5,7,4,4,0.836324,0.668499
1,6,7,5,5,0.631869,0.384073
1,6,7,6,5,0.865403,0.921584
1,7,7,6,5,0.117767,-0.965871
1,7,7,5,5,0.18137,-0.226619
1,8,7,5,5,0.218919,0.865863
1,7,7,4,5,0.354371,0.91384
1,6,7,4,5,0.026106,0.0156375
2,4,4,9,4,0.535841,0.0822312
2,4,4,8,4,0.566899,0.618674
2,4,4,7,4,0.597215,0.87217
2,4,4,6,4,0.778175,0.921766
2,5,4,6,4,0.222048,0.359683
2,5,4,5,4,0.983837,-0.974203
2,5,4,4,4,0.687001,-0.234011
2,4,4,4,4,0.823078,-0.218489
2,4,4,3,4,0.538076,-0.389983
2,4,4,2,4,0.896101,0.499167
2,3,4,2,4,0.888258,-0.591924
2,3,4,2,3,0.482296,-0.227391
2,3,4,3,3,0.417969,-0.203007
2,3,4,4,3,0.986615,-0.106047
2,3,4,5,3,0.404136,-0.65119
2,3,4,6,3,0.200257,-0.929238
2,3,4,6,4,0.635399,0.0218169
2,4,4,5,4,0.482028,-0.715436
2,6,4,6,5,0.90224,0.0522823
2,7,4,6,5,0.730196,0.846939
2,7,4,7,5,0.457652,0.481211
2,8,4,7,5,0.0855285,0.877711
2,8,4,8,5,0.1813,-0.188848
2,8,4,8,6,0.538157,0.147032
2,9,4,8,6,0.258698,-0.87415
2,9,4,7,6,0.674568,0.155841
2,9,4,8,7,0.0230486,0.909623
2,1,6,5,3,0.910906,-0.968893
2,2,6,5,3,0.523456,-0.290787
2,6,6,5,5,0.998951,-0.496398
5,0,7,0,1,0.259965,0.219936
5,0,7,0,0,0.27291,0.427521
4,0,7,0,0,0.371861,-0.140884
3,0,7,0,0,0.90766,0.500774
2,0,7,3,2,0.823008,0.539598
2,0,7,4,2,0.626413,-0.375905
2,0,7,4,3,0.809543,-0.542162
2,0,7,3,3,0.328247,-0.457439
2,2,7,4,3,0.540665,-0.930092
2,2,7,5,4,0.129983,0.258319
2,3,7,5,4,0.267412,0.381629
2,3,7,6,4,0.188397,0.362495
2,4,7,6,4,0.472863,-0.422258
2,5,7,6,4,0.174373,-0.664088
2,6,7,6,5,0.892514,0.222468
2,7,7,6,5,0.136518,0.256558
2,8,7,6,5,0.765439,-0.82794
2,8,7,5,5,0.0700644,-0.459651
2,8,7,4,5,0.260486,-0.357961
2,8,7,3,5,0.989,0.150079
2,7,7,3,5,0.506808,-0.709911
2,6,7,3,5,0.0505634,-0.192596
2,5,7,2,4,0.217104,0.783335
2,4,7,2,4,0.0761811,-0.878135
2,3,7,2,4,0.287025,0.841771
2,3,7,3,4,0.937855,-0.572122
2,2,7,3,4,0.95636,-0.923215
2,2,7,4,4,0.0471313,0.175937
2,3,7,4,4,0.47213,0.0443175
2,7,7,7,5,0.904337,-0.80503
2,8,7,7,5,0.837589,0.0129705
2,9,7,7,5,0.900661,-0.65828
2,9,7,7,6,0.966153,0.677019
2,9,7,6,6,0.62774,-0.410541
2,9,7,6,7,0.390254,-0.550435
2,9,7,7,7,0.488499,0.393475
2,9,7,8,7,0.121447,0.606781
2,9,7,9,7,0.315918,-0.368865
2,9,7,8,8,0.867725,-0.133648
2,9,7,9,8,0.762976,-0.928946
2,9,7,9,9,0.00734479,-0.603442
4,0,5,1,0,0.588909,-0.199439
3,0,5,1,0,0.0129433,-0.977426
3,0,5,2,1,0.203932,-0.149334
3,0,5,3,1,0.656512,0.797173
3,0,5,3,2,0.25327,0.270417
3,0,5,4,2,0.867811,0.346931
3,1,5,3,2,0.791074,0.407638
3,1,5,4,2,0.502236,-0.788464
3,1,5,4,3,0.932839,0.648723
3,1,5,5,3,0.841964,0.265213
3,1,5,6,3,0.59437,0.675465
3,2,5,6,3,0.548346,0.998399
3,2,5,5,3,0.619718,-0.550402
3,2,5,4,3,0.151849,-0.389289
3,3,5,5,3,0.687775,-0.54311
3,3,5,5,4,0.0883496,0.467416
3,3,5,6,4,0.382826,-0.710825
3,4,5,6,4,0.95927,-0.811367
3,5,5,6,4,0.430072,-0.954961
3,6,5,6,5,0.0828569,0.982432
3,7,5,6,5,0.227732,0.865607
3,7,5,7,5,0.3302,0.589627
3,8,5,7,5,0.266187,-0.680305
3,8,5,7,6,0.330495,0.658852
3,8,5,8,6,0.865244,0.401031
3,9,5,7,6,0.474779,-0.677817
3,9,5,6,6,0.425826,0.789111
4,0,5,0,1,0.993223,0.330178
4,0,5,1,1,0.930509,0.208333
4,0,5,2,1,0.26377,-0.43909
3,0,5,2,2,0.829052,0.207652
3,1,5,3,3,0.571561,0.711026
3,3,5,4,3,0.675806,-0.280551
3,8,5,8,5,0.582473,-0.622079
3,9,5,8,6,0.0455296,0.77704
3,9,5,9,6,0.534881,-0.300029
3,9,5,9,7,0.924896,-0.28311
3,9,4,9,6,0.813903,0.823878
3,9,4,8,6,0.124441,-0.771648
3,0,4,0,0,0.512188,-0.851261
2,0,5,0,0,0.278049,-0.162826
2,0,6,0,0,0.473392,-0.0609203
2,0,6,0,1,0.323708,0.989625
2,0,6,1,1,0.852742,0.476154
2,0,6,1,2,0.299472,-0.968805
2,0,6,4,3,0.407403,-0.912538
2,2,6,4,3,0.469835,-0.652888
2,2,6,3,3,0.0705637,-0.647419
2,3,6,4,3,0.0169011,0.236414
2,3,6,3,3,0.103281,-0.111865
2,3,6,3,4,0.0162909,0.859249
2,3,6,4,4,0.797052,0.843924
2,3,6,5,4,0.0342685,-0.174884
2,4,6,4,4,0.204971,-0.694237
2,4,6,3,4,0.374571,0.210391
2,3,6,2,4,0.644988,-0.14689
2,2,6,2,3,0.598264,0.336194
2,4,6,5,4,0.800377,-0.00732795
2,5,6,5,4,0.0721002,-0.452529
2,5,6,4,4,0.918663,-0.84739
2,7,6,7,5,0.701304,-0.141946
2,8,6,7,6,0.779398,-0.700858
2,9,6,7,6,0.968426,0.288113
2,9,6,7,7,0.916301,-0.819997
2,9,6,6,7,0.0817779,0.170009
4,0,7,0,1,0.874311,-0.986731
4,0,7,1,1,0.343773,0.551613
3,0,4,3,1,0.470077,0.692834
3,0,4,3,2,0.248726,0.517107
3,0,4,4,2,0.687055,0.564869
3,1,4,4,2,0.611691,0.295939
3,1,4,4,3,0.257539,0.200251
2,1,4,4,3,0.708121,0.642127
2,2,4,4,3,0.23346,-0.43211
2,2,4,5,3,0.396726,0.205927
2,2,3,5,3,0.689176,0.478528
2,3,3,5,3,0.944614,-0.30761
2,3,3,4,3,0.47588,0.0268332
2,3,3,5,4,0.849736,-0.0177145
2,3,3,4,4,0.980952,-0.926891
2,3,3,3,4,0.637772,0.25968
2,3,3,3,3,0.495762,0.0330652
2,4,3,5,4,0.105097,-0.451326
2,4,3,4,4,0.908997,0.969502
2,4,3,3,4,0.521558,-0.298978
2,4,2,5,4,0.52988,0.160457
2,4,2,4,4,0.366788,-0.543321
2,4,2,6,4,0.874838,-0.034435
2,4,2,7,4,0.851467,0.539345
2,5,2,7,4,0.232384,-0.532363
2,5,2,6,4,0.566338,-0.635003
2,6,2,6,5,0.860934,0.718302
2,6,2,7,5,0.821118,-0.187367
2,7,2,7,5,0.564995,-0.308931
2,7,2,6,5,0.0589482,0.0613365
2,7,2,5,5,0.763009,-0.97626
2,7,2,4,5,0.319339,-0.634482
2,6,2,4,5,0.346278,0.27473
5,0,7,1,0,0.96663,0.482196
4,0,7,2,1,0.00211014,-0.632746
3,0,4,2,2,0.658732,-0.51796
3,0,4,1,2,0.998962,-0.413474
3,0,4,0,2,0.109873,0.227546
3,0,5,0,2,0.647226,-0.986277
2,0,4,0,2,0.836004,-0.263776
2,0,4,0,1,0.746336,-0.989458
2,0,5,0,1,0.00685336,0.284235
2,0,5,1,1,0.570993,0.90612
2,0,5,2,1,0.825218,-0.944587
2,0,4,2,1,0.0920373,0.172237
2,0,4,2,2,0.0418446,-0.17501
2,0,4,1,2,0.469,0.992133
2,0,4,3,2,0.664988,-0.413251
2,0,4,4,2,0.269285,0.820126
2,0,4,5,2,0.845257,-0.886487
2,0,5,4,2,0.721472,0.515364
2,0,5,5,2,0.56785,0.14397
2,0,6,4,2,0.860657,-0.710381
2,0,5,3,2,0.121633,-0.835422
2,1,5,3,2,0.79189,-0.287275
2,1,5,2,2,0.700291,0.144846
2,1,5,2,3,0.723179,-0.417374
2,1,5,1,2,0.293429,0.00175377
2,1,5,3,3,0.966704,0.719649
2,1,5,4,3,0.60743,-0.906855
2,2,5,3,3,0.0702956,-0.118729
2,2,5,2,3,0.158713,-0.818131
2,1,5,1,3,0.610795,0.277915
2,1,4,3,3,0.809815,-0.812518
2,1,4,2,3,0.834639,0.848911
2,1,4,1,3,0.799724,0.307525
2,1,4,3,2,0.78075,-0.123454
2,1,4,1,2,0.338855,-0.811452
2,0,5,1,2,0.874733,0.429691
2,0,5,0,2,0.31368,0.766905
1,0,5,1,2,0.440607,-0.875998
1,0,5,2,2,0.482313,-0.614978
1,0,5,3,2,0.859626,0.940152
1,0,4,3,2,0.618346,-0.759885
1,1,4,3,2,0.548968,-0.348245
1,1,4,2,2,0.0958857,0.508627
1,1,4,2,3,0.112157,-0.18815
1,1,4,3,3,0.446987,0.160115
1,2,4,3,3,0.0376339,-0.837768
1,2,4,2,3,0.776048,-0.593564
1,2,3,3,3,0.576354,-0.20588
1,2,3,4,3,0.622901,0.674068
1,3,3,3,3,0.0267398,0.85711
1,3,3,4,3,0.0438999,0.272421
1,3,3,4,4,0.0373674,-0.986233
1,4,3,4,4,0.443921,-0.054151
1,3,3,3,4,0.949193,-0.908317
1,3,3,5,3,0.286574,-0.0531273
1,3,3,5,4,0.737252,0.910469
1,3,2,4,3,0.873018,0.167802
1,4,2,4,4,0.275303,0.389495
1,4,2,5,4,0.0854341,0.154377
1,4,2,6,4,0.886632,-0.903736
1,5,2,6,4,0.977646,0.233778
1,5,2,5,4,0.0603577,0.711658
1,6,2,5,5,0.963093,0.0808893
1,6,2,6,5,0.703885,0.705351
1,6,2,7,5,0.264871,0.518592
1,7,2,7,5,0.396815,0.521038
1,7,2,7,6,0.121705,-0.547724
1,8,2,7,6,0.0707092,-0.588773
1,8,2,6,6,0.897843,-0.00658242
3,0,6,0,0,0.414509,0.646449
2,0,7,2,1,0.353821,0.170271
1,1,7,2,3,0.801214,0.679063
1,1,7,1,3,0.160619,-0.420656
1,0,7,1,3,0.983842,0.344073
1,0,7,1,2,0.603346,-0.156971
1,0,7,2,3,0.34842,-0.158148
0,0,7,1,2,0.155255,0.167421
0,0,7,2,2,0.711849,-0.133212
0,0,7,3,3,0.315713,0.455254
0,0,7,4,3,0.950913,-0.537199
0,1,7,4,3,0.467876,-0.565639
0,1,7,3,3,0.684859,-0.528831
0,2,7,4,3,0.0472426,-0.824419
0,2,7,5,3,0.488323,0.131424
0,2,7,5,4,0.309233,0.964815
0,3,7,5,4,0.439748,-0.496767
0,4,7,5,4,0.29174,-0.057066
0,4,7,6,4,0.754599,-0.593812
0,5,7,6,4,0.341819,0.970404
0,5,7,5,4,0.790859,0.360999
0,6,7,5,5,0.870012,-0.888929
0,7,7,5,5,0.183188,0.351836
0,7,7,4,5,0.712143,-0.885784
0,6,7,4,5,0.153603,-0.0208481
0,5,7,4,4,0.651714,0.19377
0,6,7,6,5,0.135587,-0.0715102
0,7,7,6,5,0.68912,0.829201
0,8,7,6,5,0.530917,-0.988981
0,8,7,7,5,0.695738,-0.565914
0,9,7,7,5,0.901101,-0.467925
0,9,7,7,6,0.92914,-0.218583
0,9,7,6,6,0.539001,0.361653
0,9,7,5,6,0.718558,-0.550384
1,9,7,6,6,0.72051,0.488936
1,9,7,5,6,0.20366,-0.221215
1,9,7,4,6,0.283139,0.395178
1,9,7,4,5,0.049998,-0.120058
1,8,7,4,5,0.695407,-0.457867
1,8,7,6,5,0.967131,0.853146
1,4,3,9,4,0.159709,-0.324276
1,4,3,8,4,0.580456,-0.201068
1,4,3,7,4,0.174159,-0.279509
1,4,3,6,4,0.2342,0.367411
1,4,3,5,4,0.160797,-0.813185
1,5,3,5,4,0.214909,-0.25321
1,5,3,4,4,0.537496,-0.0905635
1,4,3,3,4,0.804017,-0.207672
1,4,3,2,4,0.785996,0.86124
1,3,3,2,4,0.504396,-0.635095
1,3,3,2,3,0.00131116,0.409571
1,3,3,6,3,0.424989,-0.693518
1,3,3,6,4,0.811128,0.834167
1,5,3,6,4,0.308254,0.826999
1,6,3,6,5,0.927175,0.809605
1,6,3,5,5,0.117233,0.29389
1,7,3,6,5,0.654948,-0.861436
1,7,3,5,5,0.0869392,-0.237498
5,0,7,1,1,0.102,0.77373
5,0,7,2,1,0.782316,0.156634
4,0,7,3,2,0.951058,0.632859
4,0,7,3,3,0.431568,0.0267474
4,0,7,2,3,0.097704,0.36744
4,0,7,1,3,0.631111,0.312287
4,1,7,3,3,0.899127,-0.695765
4,1,7,2,3,0.435721,-0.368311
3,0,7,4,3,0.242226,-0.174867
3,0,7,5,3,0.0717229,0.484134
3,2,7,4,3,0.0416302,-0.0230789
3,2,7,3,3,0.442863,0.664367
3,4,7,4,4,0.591271,0.784332
3,4,7,3,4,0.181561,0.753491
3,3,7,2,4,0.18591,0.340551
3,4,7,6,4,0.481983,0.0618908
3,5,7,6,4,0.592278,0.871759
3,6,7,6,5,0.31466,0.640134
3,6,7,5,5,0.491269,-0.0100688
3,7,7,5,5,0.601768,0.374825
3,7,7,6,5,0.319201,-0.0934079
3,7,7,7,5,0.271214,0.131673
3,8,7,7,5,0.914907,0.790002
3,8,7,8,5,0.577502,0.851304
3,9,7,8,5,0.115031,0.44327
3,9,7,8,6,0.18703,0.490035
3,9,7,7,6,0.319729,-0.97928
3,9,7,7,7,0.913914,-0.755471
3,9,7,8,7,0.796358,0.97715
0,3,7,6,4,0.893328,-0.304071
1,9,7,6,5,0.673673,-0.0396996
3,1,5,2,3,0.647137,0.741984
3,1,5,1,3,0.809814,-0.724895
3,1,5,1,2,0.301333,0.541893
3,0,5,1,2,0.664376,0.895646
3,3,5,4,4,0.66879,-0.940594
3,3,5,3,4,0.826382,0.238245
3,3,5,3,3,0.465399,-0.407052
3,3,5,2,3,0.143211,0.844894
3,2,5,2,3,0.0994407,-0.63483
3,2,5,1,3,0.237378,-0.377786
2,3,5,4,4,0.2238,-0.437353
2,3,5,4,3,0.676773,-0.806938
2,3,5,5,4,0.992002,0.446791
2,3,5,3,4,0.322983,0.604777
2,3,5,2,4,0.966203,-0.927822
2,3,5,2,3,0.841876,0.844498
2,2,5,4,3,0.522478,-0.387722
2,2,5,5,3,0.632088,-0.506334
2,3,5,5,3,0.0176986,-0.82432
2,3,5,3,3,0.428252,-0.55344
2,4,5,4,4,0.376247,0.305583
2,4,5,3,4,0.39771,0.218938
2,3,6,5,3,0.648075,-0.948868
2,3,6,2,3,0.274319,0.358925
2,6,6,7,5,0.307701,0.196104
2,8,6,6,6,0.120791,0.438243
2,9,6,6,6,0.943099,-0.729038
2,9,6,8,6,0.784339,0.928285
2,9,6,8,7,0.999871,0.904589
3,2,6,6,3,0.62513,-0.0443008
3,2,6,7,3,0.944864,0.164448
3,2,6,8,3,0.261094,0.93915
3,2,5,7,3,0.770333,0.324562
3,1,5,7,3,0.830903,-0.137778
2,1,5,7,3,0.611666,-0.293558
2,1,5,6,3,0.405976,-0.486731
2,2,5,6,3,0.682468,-0.847161
2,4,2,9,4,0.222282,0.0969536
2,4,2,8,4,0.343829,0.468109
2,7,2,7,6,0.680953,-0.457989
2,8,2,7,6,0.628395,-0.550764
2,8,2,8,6,0.90341,-0.0274564
5,0,7,2,3,0.940319,-0.658676
5,0,7,3,3,0.656888,-0.279514
5,0,7,4,3,0.231725,0.891207
5,1,7,4,3,0.820047,-0.023986
5,1,7,3,3,0.0542139,-0.875383
5,2,7,4,3,0.973596,-0.627527
5,2,7,5,3,0.73637,0.0657734
5,2,7,6,3,0.035867,0.624244
5,2,7,6,4,0.321784,0.684666
5,2,7,7,4,0.772417,-0.089542
5,3,7,7,4,0.755919,-0.0891383
5,4,7,7,4,0.830299,-0.10615
5,4,7,6,4,0.927009,-0.668297
5,5,7,6,4,0.517127,-0.616041
5,6,7,6,5,0.987878,0.620571
5,7,7,6,5,0.192625,0.570001
5,7,7,7,5,0.979055,0.377563
5,8,7,7,5,0.70307,-0.711248
5,9,7,7,5,0.230239,0.220776
5,9,7,7,6,0.673203,0.843985
5,9,7,6,6,0.466417,-0.658856
5,9,7,5,6,0.707616,-0.310463
3,0,6,3,2,0.87925,0.430813
3,0,6,2,3,0.0387944,-0.744811
3,1,6,2,3,0.107686,-0.946708
3,0,6,1,3,0.353986,-0.625016
3,0,6,3,3,0.853927,-0.795139
3,1,6,3,3,0.312689,-0.811207
3,1,6,4,3,0.966308,0.316137
3,2,6,4,3,0.790185,0.820035
3,2,6,3,3,0.478822,0.663164
3,2,6,2,3,0.408015,-0.676506
1,3,6,4,4,0.354652,-0.445834
1,3,6,5,4,0.154234,0.6019
1,4,6,5,4,0.0255542,0.288662
1,4,6,4,4,0.647939,0.604104
1,4,6,3,4,0.644305,-0.502352
1,3,6,3,4,0.285708,-0.185
1,4,5,5,4,0.139021,-0.602706
1,4,5,4,4,0.752674,-0.993232
1,4,5,3,4,0.357572,-0.659596
1,3,5,3,4,0.510413,0.89309
1,3,5,5,4,0.125335,0.567862
1,5,5,5,4,0.466333,-0.282578
1,6,5,5,5,0.930594,-0.274313
1,6,5,6,5,0.576845,-0.311276
1,7,5,6,5,0.49695,-0.649219
1,7,5,7,5,0.0976702,-0.129331
1,8,5,7,5,0.630599,0.21467
1,8,5,8,6,0.860288,0.288755
1,9,5,8,6,0.480376,0.227813
1,9,5,7,6,0.0558184,0.93824
1,9,5,7,7,0.620865,0.723206
2,3,6,6,3,0.60966,-0.480738
3,9,6,8,7,0.182582,-0.123343
3,9,6,9,7,0.190045,0.743306
3,0,7,1,0,0.298525,0.051063
2,0,7,0,1,0.379032,0.772457
2,0,7,0,2,0.417175,-0.605021
1,0,7,0,2,0.321718,0.00939734
1,0,7,0,1,0.471686,0.616282
1,0,7,1,1,0.471963,0.437993
1,1,7,3,3,0.282544,0.345756
1,2,7,3,3,0.788656,0.936381
1,2,7,4,4,0.739471,-0.0815501
1,2,7,3,4,0.415138,0.645793
1,4,7,3,4,0.464862,0.0716514
1,8,7,7,5,0.453144,-0.268833
1,9,7,7,5,0.78612,-0.0460837
1,9,7,7,6,0.355375,-0.254253
1,9,7,8,6,0.585639,0.207712
1,9,7,8,7,0.687768,0.294977
1,9,7,7,7,0.995584,-0.92444
3,3,5,6,3,0.444923,-0.903085
3,3,5,7,4,0.658628,0.538182
3,4,5,7,4,0.995459,0.940817
3,5,5,7,4,0.962388,-0.0925913
3,6,5,7,5,0.515658,0.618357
3,7,5,5,5,0.0243501,-0.688578
3,7,5,4,5,0.279966,0.379986
3,6,5,4,5,0.119192,-0.213335
3,6,5,5,5,0.580369,0.853919
3,5,5,4,4,0.538452,-0.410669
3,5,5,3,4,0.792717,-0.733821
3,4,5,3,4,0.921878,0.880343
3,4,5,4,4,0.76506,0.279386
3,4,5,5,4,0.94959,0.905072
3,8,5,6,5,0.832184,0.258685
3,8,5,5,5,0.732985,-0.475963
3,2,5,3,3,0.338994,0.503993
3,3,5,7,3,0.501751,0.0374798
3,5,5,5,4,0.328887,-0.889682
3,1,5,2,2,0.925556,0.217374
3,1,5,0,2,0.520545,-0.607167
3,1,6,3,2,0.853675,0.124321
3,1,6,1,3,0.0980443,-0.34806
3,1,6,2,2,0.873388,-0.423701
2,0,6,2,3,0.896903,-0.248896
2,2,7,3,3,0.146606,0.968277
2,3,7,5,3,0.495767,-0.452398
1,0,7,4,2,0.861128,-0.608257
1,3,7,6,4,0.511389,0.246823
1,4,7,6,4,0.0271492,-0.762207
1,5,7,6,4,0.300268,0.418795
3,0,5,5,2,0.0896939,0.340561
3,1,5,5,2,0.525919,0.881455
4,0,7,4,2,0.0739014,-0.871608
4,0,7,4,3,0.834284,-0.746173
4,0,7,5,3,0.838744,-0.91962
4,0,7,6,3,0.916896,0.74734
4,1,7,5,3,0.468941,0.0561398
4,1,7,4,3,0.220407,0.213532
2,0,7,2,3,0.385869,-0.78985
2,9,7,5,6,0.694683,-0.04867
2,9,7,8,6,0.272951,-0.287903
3,0,6,1,0,0.286812,-0.144196
2,0,7,0,0,0.0457136,0.389116
2,2,6,1,3,0.23046,0.73126
2,1,6,1,3,0.240055,0.532931
2,1,7,1,3,0.0822747,0.311678
1,1,6,4,3,0.552706,0.199263
1,2,6,4,3,0.940106,-0.348946
1,2,6,5,3,0.877602,0.159423
1,3,6,5,3,0.269179,0.631115
1,5,6,5,4,0.239325,0.645245
1,6,6,5,5,0.157561,0.985926
1,6,6,4,5,0.175889,-0.710082
4,2,7,5,3,0.774236,-0.158197
4,2,7,4,3,0.0382913,-0.594317
4,2,7,4,4,0.92716,-0.295359
4,2,7,5,4,0.672153,0.32475
4,3,7,5,4,0.285204,0.481731
4,3,7,4,4,0.690045,0.362496
4,4,7,4,4,0.281609,-0.08545
4,4,7,5,4,0.315023,-0.20509
4,5,7,5,4,0.438939,0.623728
4,5,7,4,4,0.314304,0.95707
4,5,6,5,4,0.0232225,-0.548775
4,5,6,4,4,0.202866,-0.832184
4,4,6,4,4,0.661229,0.194802
4,4,6,3,4,0.895324,0.952547
4,3,6,3,4,0.31471,-0.908206
4,3,6,4,4,0.394025,0.18537
4,3,6,5,4,0.0167713,-0.802568
4,4,6,5,4,0.475966,0.882011
4,3,6,2,4,0.88562,0.470624
4,3,6,6,4,0.441067,-0.228463
4,4,6,6,4,0.782464,-0.870168
4,5,6,6,4,0.57943,0.998746
4,5,6,7,4,0.811697,-0.0671793
4,6,6,7,5,0.927224,-0.388962
4,7,6,7,5,0.898758,0.459922
4,8,6,7,5,0.0399858,-0.440306
4,8,6,7,6,0.434698,-0.59843
4,9,6,7,6,0.757722,0.66992
4,9,6,8,6,0.141005,-0.127006
4,9,6,8,7,0.266269,-0.170806
5,0,7,2,0,0.349721,0.55952
4,0,7,1,0,0.371434,-0.642408
4,0,7,0,2,0.53495,-0.675489
2,4,7,5,4,0.63468,0.746995
2,7,7,4,5,0.162258,-0.07567
2,7,7,5,5,0.808698,-0.217367
2,6,7,4,5,0.852995,-0.757052
2,6,7,5,5,0.254168,0.485285
3,8,7,6,5,0.337047,0.169761
3,2,6,5,3,0.897865,0.143759
3,3,6,4,3,0.0482812,-0.846913
3,3,6,5,3,0.0933359,0.252432
3,3,6,5,4,0.829151,0.131784
3,3,6,4,4,0.568525,-0.705429
3,4,6,5,4,0.99129,-0.00521026
3,5,6,5,4,0.993669,-0.206564
3,5,6,4,4,0.957256,0.768926
3,4,6,4,4,0.135442,0.975018
3,4,6,6,4,0.356412,0.953992
3,5,6,6,4,0.324791,-0.947714
3,6,6,6,5,0.317391,-0.711329
3,6,6,7,5,0.0872002,-0.187408
3,7,6,7,5,0.0751592,0.331203
3,7,6,8,5,0.693471,0.19492
3,8,6,8,5,0.672971,-0.0653598
3,9,5,5,6,0.810401,0.172382
3,9,5,4,6,0.486608,-0.255262
3,9,5,3,6,0.449994,-0.163618
3,8,5,3,6,0.865032,-0.434912
3,8,5,3,5,0.503693,0.343036
3,7,6,6,5,0.404461,-0.767036
3,9,5,8,7,0.0238649,0.922706
3,6,6,5,5,0.871862,-0.148152
3,8,6,7,5,0.854608,-0.91268
3,4,7,5,4,0.681635,-0.690401
3,5,7,5,4,0.387266,0.139831
3,9,7,7,5,0.366202,0.128122
5,0,7,0,2,0.661758,0.25353
5,0,7,3,2,0.548309,-0.203381
3,6,5,3,5,0.852897,0.172599
2,0,7,1,3,0.384103,-0.544982
1,2,7,2,3,0.164328,-0.50535
1,3,7,3,4,0.44193,-0.621054
1,3,7,2,4,0.359561,-0.0526159
1,2,7,2,4,0.472646,0.313424
0,9,7,6,5,0.264664,0.407915
1,9,7,5,5,0.785781,0.764078
3,0,6,0,2,0.806557,0.811663
3,0,6,4,2,0.114895,0.479432
3,3,6,3,3,0.232615,0.791729
1,7,7,3,5,0.00955129,0.931368
1,6,7,3,5,0.489205,-0.583481
1,5,7,3,4,0.0644566,0.286796
4,1,7,6,3,0.358098,-0.527253
4,2,7,6,3,0.524623,-0.581927
4,3,7,6,4,0.519454,0.172517
4,4,7,6,4,0.581831,-0.556423
4,5,7,6,4,0.114122,0.674101
4,5,7,7,4,0.00403232,-0.553127
4,6,7,7,5,0.489155,-0.618844
4,7,7,7,5,0.196506,0.653752
4,8,7,7,5,0.201307,0.188199
4,9,7,7,5,0.236313,0.0999169
4,9,7,7,6,0.159631,-0.877854
4,9,7,7,7,0.97679,-0.657283
4,9,7,8,7,0.625081,-0.808877
3,0,7,2,1,0.187879,0.753483
3,0,7,4,2,0.0452064,-0.650309
3,6,7,7,5,0.927477,-0.293364
3,8,7,5,5,0.0464285,-0.958407
3,8,7,4,5,0.00890122,-0.0059741
5,0,5,2,1,0.811934,-0.804184
5,0,5,1,1,0.710299,-0.876535
5,0,5,0,1,0.532797,-0.74733
5,0,5,2,2,0.628986,0.30267
5,0,5,1,2,0.179611,0.133463
5,0,5,0,2,0.00186927,0.358345
4,0,5,1,2,0.194823,0.100117
4,0,5,2,2,0.251544,0.366787
4,0,5,3,2,0.00273713,0.954002
4,0,5,4,2,0.302881,0.798391
4,0,5,5,2,0.318744,0.333203
4,1,5,4,2,0.574374,-0.740658
4,1,5,5,2,0.800734,-0.416202
4,1,5,5,3,0.690876,0.753029
4,1,5,4,3,0.40449,0.00203422
4,2,5,4,3,0.817981,0.160444
4,2,5,5,3,0.9185,0.872133
4,3,5,4,3,0.16679,-0.183231
4,3,5,5,3,0.529474,0.833966
4,3,5,5,4,0.925828,-0.658425
4,3,5,4,4,0.519144,0.14403
4,4,5,5,4,0.875715,-0.829394
4,4,5,4,4,0.138266,0.250769
4,8,5,7,5,0.69685,-0.0388683
4,8,5,8,5,0.501996,-0.987597
4,8,5,8,6,0.836406,0.524714
4,9,5,8,6,0.949722,0.392489
4,9,5,7,6,0.870315,0.762781
4,9,5,6,6,0.96399,0.185359
2,4,7,4,4,0.287726,-0.531053
2,4,7,3,4,0.462236,0.0307103
2,8,6,8,5,0.249081,0.0568418
2,8,6,8,6,0.0367811,0.0714537
2,5,4,7,4,0.106632,0.399369
2,6,4,7,5,0.308279,0.838889
2,8,3,8,5,0.645769,0.138383
2,8,3,8,6,0.189529,0.532681
2,9,3,8,6,0.476247,0.345304
5,0,7,5,3,0.140312,-0.0728206
5,1,7,5,3,0.110432,-0.783949
5,2,7,3,3,0.526936,0.246514
5,2,7,2,3,0.373157,-0.526835
5,1,7,2,3,0.990151,-0.218703
5,1,7,1,3,0.352427,0.806977
5,0,7,1,3,0.0351137,0.945238
4,2,7,1,3,0.467191,-0.939993
4,1,7,1,3,0.0563257,-0.621748
4,2,7,6,4,0.602984,0.33266
4,4,7,7,4,0.102039,-0.127241
4,9,7,6,6,0.720134,-0.0676599
4,9,7,5,6,0.432859,0.237
4,9,7,5,5,0.732105,-0.361013
4,9,7,6,5,0.434578,-0.290289
2,1,6,6,3,0.443435,-0.79705
1,4,6,6,4,0.765621,0.739235
1,5,6,6,4,0.783588,-0.760655
1,6,6,6,5,0.137314,0.193157
1,7,6,6,5,0.728306,0.133153
1,8,6,6,5,0.989137,-0.805436
1,8,6,5,5,0.189672,0.434636
2,8,6,4,5,0.652841,-0.633684
2,7,6,4,5,0.398928,0.317479
2,6,4,5,5,0.685444,-0.301317
2,6,4,4,5,0.992579,-0.48949
2,7,4,8,5,0.701144,0.625431
2,8,4,7,6,0.476093,-0.547369
5,2,7,4,4,0.317705,-0.452687
5,3,7,4,4,0.247996,-0.40673
5,3,7,5,4,0.354058,-0.262336
5,3,7,6,4,0.0751264,-0.969322
5,8,7,6,5,0.452139,0.23457
5,8,7,5,5,0.801171,0.220603
5,8,7,4,5,0.813791,-0.308047
5,7,7,4,5,0.446543,0.273315
5,7,7,3,5,0.244974,-0.120866
5,6,7,3,5,0.90269,0.187531
5,6,7,2,5,0.677252,0.00477097
5,5,7,2,4,0.912598,0.556576
5,4,7,2,4,0.40653,-0.134054
5,3,7,2,4,0.455451,-0.216439
5,3,7,3,4,0.169843,-0.771095
5,5,7,7,4,0.312621,-0.95434
5,6,7,7,5,0.172693,-0.855629
5,8,7,8,5,0.00776693,-0.477312
5,9,7,8,5,0.549352,-0.916358
5,9,7,8,6,0.650677,-0.0933858
5,9,7,7,7,0.0965196,0.989303
2,1,7,6,3,0.271644,-0.827365
2,2,7,6,3,0.634606,-0.456205
2,2,7,6,4,0.182442,0.792554
2,5,7,5,4,0.408588,0.529982
2,5,7,3,4,0.0835692,-0.812213
2,9,7,4,6,0.0696777,-0.846647
2,9,7,4,5,0.121839,-0.266262
2,5,7,4,4,0.371778,0.309874
2,9,7,3,5,0.143513,0.0646042
3,9,7,4,6,0.817614,-0.0949293
3,9,7,4,5,0.718392,-0.291188
3,7,7,4,5,0.143484,-0.584332
2,4,7,7,4,0.260372,-0.152841
2,5,7,7,4,0.282558,-0.710793
2,6,7,7,5,0.344997,0.0813098
2,9,7,8,5,0.811473,0.0462705
2,9,7,9,6,0.470516,-0.194934
3,9,7,9,6,0.750729,0.544672
2,0,7,5,3,0.875464,-0.610223
3,9,7,6,7,0.331492,0.648002
3,9,7,5,7,0.366706,-0.643733
3,9,7,5,6,0.114965,0.479463
3,9,7,5,5,0.559772,0.481402
3,9,7,6,5,0.842594,0.158018
3,9,7,6,6,0.62106,0.504168
4,0,4,0,1,0.620949,-0.202472
4,0,4,1,1,0.269053,0.485284
3,1,6,0,3,0.744887,0.774028
3,1,6,0,2,0.0324295,-0.919964
3,0,6,5,2,0.845008,0.598217
3,1,6,5,2,0.154148,-0.494861
3,1,6,6,2,0.919851,0.786395
3,1,6,1,2,0.344533,-0.00142036
3,1,6,5,3,0.445481,-0.52465
3,1,6,6,3,0.540651,0.849202
3,1,5,6,2,0.560833,-0.793609
3,1,6,4,2,0.793821,-0.851542
2,1,6,2,2,0.790459,0.908324
1,1,6,3,3,0.325407,-0.410649
1,1,6,2,3,0.35758,-0.688933
1,1,6,5,3,0.504285,0.239295
1,1,6,6,3,0.651261,-0.441513
1,2,6,6,3,0.353243,0.0525384
1,3,6,3,3,0.531399,0.657738
1,3,6,4,3,0.623545,-0.417709
1,7,6,5,5,0.106499,0.190754
1,7,6,4,5,0.118176,-0.501137
1,5,6,4,4,0.714405,-0.677254
1,8,6,4,5,0.373287,0.55063
1,8,6,7,5,0.520138,-0.802425
1,8,6,7,6,0.176059,0.507237
1,9,6,7,6,0.667229,-0.102487
1,9,6,6,6,0.0457901,-0.982057
3,8,6,6,5,0.375952,-0.627293
3,8,6,7,6,0.922052,-0.280071
3,8,6,8,6,0.267005,-0.320156
3,9,6,8,6,0.64245,-0.00614995
3,9,6,9,6,0.096412,-0.433694
3,8,5,9,6,0.269034,0.0218181
3,8,4,9,6,0.599146,0.82918
3,8,4,8,6,0.11396,-0.858226
5,0,5,0,0,0.158062,-0.994941
4,0,6,1,1,0.725521,-0.36138
4,0,6,2,1,0.408047,-0.988554
3,8,5,4,5,0.136132,-0.797577
3,8,5,6,6,0.732113,-0.66423
4,2,7,3,4,0.407368,0.416997
4,2,7,3,3,0.822699,0.0618233
5,1,4,4,2,0.177782,0.309281
5,1,4,3,2,0.115899,0.886075
5,1,4,4,3,0.180566,-0.166438
5,1,4,5,3,0.610901,0.321732
5,2,4,5,3,0.172533,0.992305
5,2,4,6,3,0.504623,0.995361
5,3,4,5,3,0.637967,0.43469
5,3,4,6,3,0.670825,-0.887093
5,3,4,6,4,0.159478,-0.913613
5,4,4,6,4,0.186368,0.766064
5,4,4,5,4,0.0581187,-0.52317
5,5,4,6,4,0.622617,-0.079662
5,5,4,7,4,0.616941,-0.700442
5,6,4,7,5,0.977055,0.766906
5,7,4,7,5,0.668493,-0.625164
5,7,4,6,5,0.168885,0.477927
5,7,4,5,5,0.677516,0.283933
5,7,4,4,5,0.101266,0.0605478
5,6,4,4,5,0.333605,0.652002
5,5,4,4,4,0.389336,-0.989957
5,4,4,4,4,0.401413,-0.953432
5,4,4,3,4,0.431962,0.412304
5,3,4,4,4,0.563397,-0.0459541
5,3,4,3,4,0.308731,0.900809
5,3,4,3,3,0.175678,-0.489246
5,2,4,3,3,0.44503,-0.820952
5,2,4,4,3,0.182399,-0.0269366
5,3,4,4,3,0.451268,0.377227
4,2,4,3,3,0.235677,0.00120826
4,2,4,4,3,0.964776,0.696841
4,2,4,5,3,0.400011,0.46439
4,3,4,5,3,0.350348,-0.959525
4,3,4,6,3,0.0958484,0.837668
4,3,4,6,4,0.732358,0.526494
4,4,4,6,4,0.0212886,-0.855557
4,4,4,7,4,0.16661,0.0337668
4,5,4,7,4,0.391132,0.508084
4,5,4,6,4,0.591896,-0.983825
4,6,4,6,5,0.0427184,-0.734697
4,6,4,7,5,0.103057,-0.332803
4,7,4,7,5,0.0990356,0.216392
4,7,4,8,5,0.956852,0.186348
4,8,4,8,5,0.139734,-0.254244
4,8,4,8,6,0.678951,0.875945
4,8,4,7,6,0.676916,-0.524179
4,9,4,7,6,0.556729,-0.467852
4,0,6,0,0,0.379348,-0.852585
2,0,5,1,0,0.194729,0.37541
2,0,6,2,1,0.658105,-0.962899
3,3,6,2,3,0.909056,-0.478742
3,3,6,6,4,0.902084,0.570776
3,4,6,7,4,0.611397,-0.101936
3,5,6,7,4,0.69641,0.532251
4,0,4,1,0,0.170269,-0.198128
3,4,5,9,4,0.383231,-0.839286
3,4,5,8,4,0.973719,-0.99289
3,4,4,8,4,0.261914,0.574282
3,4,4,7,4,0.0230319,0.618482
3,5,4,7,4,0.246188,0.144974
3,5,4,6,4,0.918603,0.858505
3,5,4,5,4,0.455134,-0.789999
3,5,4,4,4,0.482778,-0.428064
3,4,4,4,4,0.488798,-0.631669
3,4,4,5,4,0.729337,0.19663
3,4,4,6,4,0.870949,-0.699682
3,6,4,6,5,0.688846,-0.336917
3,6,4,7,5,0.0864534,-0.17682
3,7,4,6,5,0.377569,-0.702827
3,7,4,7,5,0.0543712,-0.533035
3,8,4,7,5,0.183814,0.875839
3,8,4,7,6,0.668144,-0.903065
3,9,4,7,6,0.025634,0.144259
3,9,4,7,7,0.927232,-0.328003
2,4,5,5,4,0.0230824,0.591303
2,2,5,1,3,0.0143595,0.834503
2,1,5,5,3,0.906149,-0.00226436
2,3,5,6,3,0.206909,0.769801
2,5,5,4,4,0.454162,-0.210348
2,5,5,5,4,0.427686,-0.0808247
2,7,4,5,5,0.562862,0.723369
2,7,4,4,5,0.412753,0.0655405
5,1,7,6,3,0.720964,0.822637
5,4,7,5,4,0.968626,-0.441029
5,4,7,4,4,0.249222,-0.894407
5,5,7,5,4,0.554499,0.0331733
5,5,7,4,4,0.67101,-0.0523975
5,4,7,3,4,0.0585854,-0.580565
5,2,7,3,4,0.54319,-0.948381
4,6,7,6,5,0.486941,0.173929
4,7,7,6,5,0.125395,-0.983283
4,7,7,5,5,0.0679883,0.81292
4,8,7,5,5,0.952629,-0.211387
4,7,7,4,5,0.911175,-0.893601
4,7,7,3,5,0.263903,-0.947457
4,6,7,3,5,0.56298,0.564957
4,5,7,3,4,0.207222,0.0511978
4,4,7,3,4,0.333602,-0.209077
4,4,7,2,4,0.198875,-0.241719
4,3,7,2,4,0.260134,0.779363
4,2,7,2,4,0.597079,0.961682
4,2,7,2,3,0.541344,0.556591
3,6,7,4,5,0.0563883,0.98557
3,5,7,4,4,0.789597,-0.707171
3,0,7,5,2,0.981259,-0.558948
2,8,7,8,5,0.0311664,-0.264549
3,9,4,9,7,0.293945,0.0806239
4,9,7,8,6,0.588459,-0.409529
4,9,7,6,7,0.951678,-0.465467
3,0,5,4,1,0.762222,0.49453
3,1,6,7,3,0.577296,0.492303
2,6,6,4,5,0.0463909,-0.102693
2,3,5,6,4,0.953613,0.337797
2,4,5,6,4,0.758997,-0.140559
2,5,5,6,4,0.961642,-0.164946
2,5,5,7,4,0.838481,0.00548891
2,6,5,7,5,0.271048,0.190204
2,7,5,7,5,0.397427,0.827589
2,8,5,7,5,0.620776,0.54921
2,8,5,8,5,0.473894,0.910038
2,8,5,8,6,0.129207,0.717824
2,8,5,7,6,0.626374,0.299428
2,9,5,7,6,0.917657,-0.171462
2,9,5,7,7,0.487869,-0.233499
2,0,7,0,3,0.907016,0.416653
2,9,7,6,5,0.219492,0.383024
3,9,7,9,7,0.594065,0.0382701
3,9,7,9,8,0.223585,-0.727292
3,9,7,8,8,0.996247,0.602468
3,7,4,5,5,0.975063,0.892219
3,6,4,5,5,0.711014,0.346956
3,6,4,4,5,0.69278,-0.794134
3,5,4,3,4,0.810357,-0.719435
3,4,4,3,4,0.200138,0.458171
3,6,4,3,5,0.0914488,0.754803
3,8,4,6,6,0.357758,-0.0614071
3,3,6,6,3,0.71428,0.00439552
3,4,4,9,4,0.269091,-0.942945
3,7,4,8,5,0.606561,0.535792
3,8,4,8,5,0.0429359,-0.570837
3,4,6,3,4,0.729273,0.833156
3,3,6,3,4,0.0137195,0.684149
2,0,7,6,3,0.391918,-0.0389831
2,1,7,7,3,0.628459,0.418628
3,9,6,7,6,0.361148,-0.237957
3,9,6,7,7,0.598209,0.261448
3,9,5,7,7,0.294508,0.18015
3,9,5,6,7,0.551238,0.612395
3,8,5,5,6,0.102707,-0.430793
3,8,5,4,6,0.989697,0.916489
3,7,5,3,5,0.206233,-0.660049
3,7,6,5,5,0.0346581,-0.460542
3,3,4,3,4,0.0158689,-0.371743
3,3,4,4,4,0.936828,-0.0347497
3,3,4,5,4,0.0817999,-0.23819
3,5,4,8,4,0.881758,0.835567
3,4,4,2,4,0.406126,0.375302
3,3,4,2,4,0.263692,-0.41212
3,3,4,2,3,0.330668,0.797437
3,2,4,2,3,0.976887,0.453458
3,2,4,3,3,0.858176,-0.426623
3,2,4,4,3,0.816099,0.402289
3,2,4,5,3,0.176604,0.739577
3,3,4,5,3,0.911293,-0.0136841
2,2,7,2,3,0.642252,-0.22154
2,9,7,5,5,0.409939,0.489821
3,9,7,3,6,0.28592,0.564704
3,9,7,3,5,0.898986,-0.0194641
3,8,7,3,5,0.143684,-0.476636
4,9,7,8,5,0.743882,-0.940538
4,0,7,0,3,0.137593,-0.80382
4,9,7,9,7,0.953759,-0.314264
3,0,6,3,1,0.55709,0.800359
2,1,6,7,3,0.535224,0.703394
3,9,4,8,7,0.110041,0.393191
2,0,6,1,3,0.87944,-0.678521
1,4,4,9,4,0.659646,-0.0750054
1,4,4,8,4,0.84525,-0.244896
1,3,4,8,4,0.236098,0.803338
1,3,4,7,4,0.789127,-0.78899
1,4,4,7,4,0.43634,-0.88739
1,4,4,6,4,0.410543,0.257609
1,4,4,5,4,0.624719,0.179555
1,4,4,4,4,0.755419,-0.524018
1,4,4,3,4,0.1697,-0.533446
1,3,4,3,4,0.955345,-0.276552
1,3,4,3,3,0.457573,0.582604
1,3,4,4,3,0.264568,-0.531651
1,3,4,5,3,0.74594,-0.313414
1,3,4,6,3,0.790329,-0.589683
1,3,4,6,4,0.331503,0.929521
1,5,4,6,4,0.449219,0.87531
1,6,4,6,5,0.723571,-0.0782401
1,7,4,6,5,0.248307,0.499217
1,7,4,7,5,0.100019,0.463858
1,8,4,6,5,0.367901,0.18239
1,8,4,5,5,0.785936,-0.513428
1,7,4,5,5,0.146584,0.289648
2,4,3,9,4,0.873924,0.124742
2,4,3,8,4,0.459817,0.780242
2,4,3,7,4,0.383112,0.368211
2,4,3,6,4,0.713054,0.242933
2,3,4,5,4,0.548804,-0.302132
2,3,4,4,4,0.047153,0.774085
2,3,4,3,4,0.517738,-0.574305
2,2,4,3,3,0.633635,0.317826
2,2,4,2,3,0.531842,-0.621805
2,2,4,1,3,0.874075,0.323127
2,2,4,6,3,0.043453,0.415326
1,2,5,2,3,0.43471,-0.314208
1,1,5,2,3,0.145745,0.204742
1,2,5,3,3,0.84757,0.923327
1,2,5,4,3,0.0820942,0.679804
1,3,5,3,3,0.814188,0.262759
1,3,5,4,3,0.109783,0.639878
1,3,5,4,4,0.571788,-0.0864121
1,5,5,6,4,0.593644,0.571772
1,7,5,5,5,0.159043,0.867419
1,8,5,5,5,0.4146,0.408654
3,0,5,2,0,0.751607,0.816471
2,0,5,2,2,0.0197681,-0.34621
2,6,5,5,5,0.457006,0.359207
2,6,5,4,5,0.700716,0.95628
2,8,4,6,5,0.960041,-0.982216
5,0,3,0,0,0.388583,-0.819604
3,6,6,4,5,0.277841,0.828066
3,8,6,6,6,0.7233,-0.4433
3,9,6,6,6,0.914941,0.436607
3,4,3,9,4,0.557851,-0.0427687
3,4,3,8,4,0.183578,-0.306935
3,4,3,7,4,0.487724,0.151547
3,4,3,6,4,0.460593,0.333191
3,4,3,5,4,0.962246,0.621141
3,4,3,4,4,0.22646,-0.655421
3,4,3,3,4,0.105089,-0.0588442
3,4,3,2,4,0.713287,0.395933
3,3,3,2,4,0.376341,0.560069
3,3,3,2,3,0.627196,0.734066
3,2,3,2,3,0.487478,0.558191
3,3,4,4,3,0.392201,0.0119367
3,3,4,3,3,0.161965,-0.798766
3,8,4,6,5,0.294929,-0.912722
3,8,4,5,5,0.119946,-0.161052
3,8,4,4,5,0.284748,0.0986679
3,7,4,4,5,0.381945,-0.12373
3,8,6,5,5,0.587833,0.813873
2,5,4,3,4,0.637367,-0.855198
3,3,4,7,3,0.599654,0.148856
3,3,4,7,4,0.614634,-0.323862
3,3,4,6,4,0.52211,0.273205
3,3,5,8,3,0.527239,0.412605
3,2,4,7,3,0.471166,-0.265234
3,1,4,7,3,0.749002,-0.826363
3,1,4,6,3,0.092451,-0.878617
3,1,4,5,3,0.797869,0.214509
3,2,4,6,3,0.359203,-0.816305
3,3,4,6,3,0.0249755,0.0669737
4,6,7,5,5,0.785577,0.699461
4,6,7,4,5,0.899183,0.400492
3,0,6,4,3,0.378679,-0.846242
3,7,5,8,5,0.995984,-0.961951
2,9,6,9,7,0.909558,0.521294
2,5,3,7,4,0.978701,0.947109
2,6,3,7,5,0.549639,-0.905085
2,6,3,6,5,0.223624,-0.109881
2,7,3,6,5,0.478826,-0.971435
2,7,3,5,5,0.535976,-0.615403
2,6,3,5,5,0.403284,0.857224
3,8,6,9,5,0.877445,-0.380781
3,8,5,9,5,0.463139,-0.660812
2,9,6,9,6,0.474372,-0.556753
2,5,6,7,4,0.298477,0.516287
2,3,7,4,3,0.662361,0.322828
3,5,3,6,4,0.120796,0.575406
3,6,3,6,5,0.80595,0.867008
3,6,3,5,5,0.871546,0.396104
3,5,3,5,4,0.873613,0.54528
2,0,7,1,0,0.68205,-0.113982
2,0,6,1,0,0.673225,-0.179042
3,9,5,9,8,0.157554,-0.211826
3,7,6,4,5,0.208598,-0.200481
3,8,4,5,6,0.170837,-0.991002
3,8,4,4,6,0.601345,-0.228917
5,0,7,4,2,0.310681,-0.590632
5,2,7,5,4,0.308982,0.132793
3,6,5,8,5,0.699229,0.733327
3,6,4,8,5,0.0546588,0.314735
1,2,7,6,4,0.374774,-0.21564
1,7,7,7,5,0.445425,0.862386
5,3,4,2,3,0.894114,-0.0537649
5,2,4,2,3,0.474067,-0.461068
5,2,5,3,3,0.624924,-0.330183
5,2,5,2,3,0.0906013,-0.434684
5,1,5,2,3,0.494681,0.296274
5,1,5,1,3,0.563542,-0.395874
5,1,5,1,2,0.665391,0.643412
4,1,5,3,2,0.739102,0.454564
4,1,5,2,2,0.414073,0.203385
4,1,5,1,2,0.302512,0.297762
4,1,5,3,3,0.405351,0.430669
4,1,5,2,3,0.680763,-0.648165
4,2,5,3,3,0.0624137,0.437506
4,2,5,2,3,0.162307,0.69124
4,2,6,3,3,0.166004,0.701628
4,2,6,2,3,0.821459,0.540849
4,1,6,2,3,0.474867,0.00831266
4,1,6,3,3,0.295455,0.00225109
4,1,6,4,3,0.386928,-0.076403
4,2,6,4,3,0.318436,-0.85606
4,2,6,5,3,0.588199,-0.497956
4,3,6,4,3,0.342096,-0.362923
4,3,6,3,3,0.0938985,-0.50212
3,5,6,3,4,0.180362,0.851803
3,4,5,2,4,0.102369,-0.0260392
3,3,5,2,4,0.577642,-0.189929
2,4,5,9,4,0.957229,0.0521591
2,4,5,8,4,0.903917,0.208098
2,4,5,7,4,0.49342,0.749222
2,6,5,6,5,0.419567,0.081112
2,7,5,6,5,0.982744,0.445234
2,7,5,5,5,0.135713,-0.675876
3,9,6,5,6,0.0719705,-0.840157
3,8,6,5,6,0.271253,0.0158433
3,8,6,4,5,0.266236,0.894967
2,8,5,6,5,0.656729,-0.733723
1,0,6,1,1,0.773553,0.767584
1,3,6,6,4,0.824637,-0.678921
1,7,6,7,5,0.0193662,0.383579
1,8,6,6,6,0.0823638,0.470898
1,9,6,8,6,0.0638698,-0.12461
1,9,6,8,7,0.598811,-0.775632
2,2,7,2,4,0.535243,0.660337
5,2,7,2,4,0.527905,-0.634193
5,6,7,5,5,0.296756,0.946015
5,7,7,2,5,0.439989,0.13307
5,7,7,5,5,0.624824,-0.473466
5,5,7,3,4,0.704471,-0.759394
5,7,6,6,5,0.706849,-0.878352
5,8,6,6,5,0.366543,0.274739
5,8,6,5,5,0.347705,-0.825394
5,8,6,4,5,0.249805,-0.285688
5,7,6,4,5,0.451969,-0.484311
5,7,6,5,5,0.439871,-0.621634
2,3,7,7,4,0.496702,0.763888
2,4,6,7,4,0.272819,-0.794808
3,3,7,4,3,0.794415,0.821374
2,0,6,5,2,0.468293,-0.020969
1,6,6,7,5,0.179575,-0.450941
4,9,7,4,6,0.670094,0.239647
4,9,7,4,5,0.280808,0.778246
4,9,7,3,5,0.0478358,-0.633962
4,8,7,3,5,0.151413,-0.226014
3,3,4,1,4,0.950576,0.490957
3,3,4,1,3,0.382918,-0.41719
3,9,4,9,8,0.520436,0.173278
3,0,6,5,3,0.63422,0.403223
3,9,4,6,6,0.971661,-0.719372
3,0,4,4,1,0.536867,0.842564
3,0,4,2,1,0.202932,-0.0135823
3,0,4,0,1,0.777511,-0.0768904
3,0,4,5,2,0.262067,-0.850609
2,1,4,4,2,0.257322,0.465769
2,1,4,5,3,0.123776,0.498052
2,8,4,6,6,0.504551,0.17999
1,3,6,2,4,0.957814,0.879527
1,2,6,3,3,0.787924,0.709948
1,5,6,3,4,0.40775,0.23894
1,5,4,5,4,0.545658,-0.737954
3,0,6,4,1,0.169456,-0.791724
5,9,7,6,5,0.644379,0.619324
5,6,7,4,5,0.72922,-0.824567
2,4,6,2,4,0.300119,0.501379
1,0,6,1,2,0.980282,0.791029
1,0,6,2,2,0.146208,-0.64107
1,0,6,3,2,0.533515,0.266713
1,0,6,3,3,0.579389,0.188751
1,3,6,2,3,0.155924,-0.507049
1,2,6,2,3,0.814974,-0.157851
0,2,6,2,3,0.628786,0.0497919
0,2,6,3,3,0.704604,-0.195757
0,1,6,2,3,0.223006,0.103633
0,1,6,3,3,0.459576,-0.671508
0,1,6,4,3,0.736844,-0.787332
0,2,6,4,3,0.580779,0.836685
0,3,6,4,3,0.40775,-0.81563
0,3,6,5,4,0.831312,-0.484926
0,4,6,5,4,0.545151,-0.129575
0,4,6,6,4,0.511908,-0.0919778
0,5,6,6,4,0.451995,-0.612726
0,6,6,6,5,0.0493616,-0.693827
0,7,6,6,5,0.384359,0.219678
0,7,6,7,5,0.986935,0.559391
0,8,6,7,5,0.426253,0.357914
0,8,6,7,6,0.126577,-0.820729
0,9,6,7,6,0.705467,-0.833441
0,9,6,8,6,0.872269,0.0866751
0,9,6,9,7,0.446063,-0.794768
0,9,5,9,7,0.376461,-0.414883
0,9,5,8,7,0.474358,0.723944
3,3,7,3,3,0.570664,0.850426
3,2,6,1,3,0.448593,-0.793924
3,9,3,9,8,0.655878,0.50412
3,9,6,6,7,0.767236,0.0707031
3,7,4,3,5,0.452036,0.143095
3,9,6,4,6,0.343653,0.313874
3,8,6,4,6,0.562241,0.63175
3,0,6,6,3,0.886707,0.940803
3,9,4,5,6,0.0544399,0.991448
3,3,4,8,4,0.774733,-0.884428
3,3,3,7,4,0.0455754,-0.646044
3,5,3,7,4,0.672922,-0.723957
3,6,3,7,5,0.124902,0.526553
3,7,3,7,5,0.812854,-0.140848
3,7,3,6,5,0.46684,0.574176
3,8,3,7,5,0.11102,-0.703878
3,8,3,6,5,0.72032,0.27918
3,7,5,2,5,0.375581,-0.114806
3,7,5,9,5,0.651705,-0.127855
3,7,4,9,5,0.626326,0.136593
5,0,5,1,0,0.131006,0.613332
3,8,4,9,5,0.204778,-0.647695
3,1,5,0,3,0.305789,0.0489839
1,4,6,7,4,0.18254,0.302884
1,5,6,7,4,0.153471,-0.136593
2,9,5,8,6,0.982574,0.258056
2,9,5,6,6,0.321035,0.704894
2,2,6,7,3,0.272546,0.622282
2,3,6,7,3,0.24862,-0.950772
2,3,6,7,4,0.929136,-0.92561
3,8,4,3,5,0.9218,0.168317
4,4,6,8,4,0.55842,0.925459
4,4,6,7,4,0.829618,0.314496
4,6,6,6,5,0.697135,-0.340408
4,6,6,5,5,0.099582,0.457117
4,6,6,4,5,0.567611,-0.557097
4,5,6,3,4,0.998037,-0.390307
3,6,6,3,5,0.317468,-0.576451
4,0,6,2,2,0.197591,0.192635
4,0,6,1,2,0.460352,-0.329651
4,0,6,0,2,0.023617,-0.00896404
4,0,6,0,1,0.282041,-0.0242175
4,0,5,0,2,0.565792,-0.535094
3,0,6,0,3,0.611686,0.281253
4,7,6,6,5,0.225956,0.846117
4,8,6,8,5,0.544619,-0.848186
4,8,6,8,6,0.680939,-0.170716
3,3,6,7,4,0.974842,-0.116288
3,6,5,2,5,0.123209,-0.13424
5,9,7,5,5,0.252741,-0.889801
5,9,7,4,5,0.570544,-0.0801009
3,3,6,7,3,0.0623589,-0.71734
5,0,5,3,2,0.508964,-0.403698
3,3,6,2,4,0.25464,-0.295259
5,9,7,8,7,0.337416,-0.306392
4,4,5,9,4,0.865198,0.837458
4,4,5,8,4,0.834989,-0.66772
4,4,5,7,4,0.466099,-0.439981
4,5,5,7,4,0.699407,0.583826
4,5,5,6,4,0.532803,-0.0170693
4,6,5,6,5,0.285693,0.566881
4,6,5,5,5,0.455004,-0.118609
4,5,5,5,4,0.863525,0.656169
4,5,5,4,4,0.329436,0.66873
5,4,6,8,4,0.912338,0.0775079
5,4,6,7,4,0.59841,0.742878
5,5,6,7,4,0.304258,-0.566786
5,5,6,6,4,0.854274,-0.969667
5,6,6,6,5,0.217182,-0.428179
5,2,7,7,3,0.461075,0.557915
5,0,5,3,1,0.970023,0.00136737
4,0,6,3,2,0.226247,0.252867
4,1,6,3,2,0.209574,0.898088
5,0,4,4,2,0.446026,0.29122
5,0,4,3,2,0.768064,-0.171798
5,0,4,2,2,0.0103033,0.591223
5,0,4,1,2,0.631213,-0.507333
5,0,4,0,2,0.783864,0.224016
5,0,4,0,1,0.69874,0.485847
5,0,4,1,1,0.280572,-0.482583
5,0,4,2,1,0.208236,0.402348
5,9,7,9,7,0.374676,0.843371
5,9,7,6,7,0.266841,-0.652098
5,1,5,3,2,0.192428,0.15839
5,1,5,3,3,0.889003,0.143453
5,1,5,4,3,0.411108,0.398883
5,2,5,4,3,0.971237,-0.404622
4,2,5,1,3,0.204743,0.124549
4,1,5,1,3,0.273632,0.610899
4,1,5,0,3,0.870922,0.419092
4,1,5,0,2,0.842456,0.324272
4,1,7,0,3,0.959157,0.42357
4,0,7,5,2,0.619518,-0.969716
4,0,7,6,2,0.0930098,0.755334
4,0,6,5,2,0.803642,0.795534
4,0,6,4,2,0.230384,0.0286596
4,0,6,3,3,0.421431,-0.0367409
4,0,6,4,3,0.145465,-0.273259
4,2,7,7,3,0.20791,0.699377
4,2,7,7,4,0.734973,0.713721
4,3,7,7,4,0.122436,0.452831
4,8,6,6,5,0.914633,-0.968827
4,8,6,5,5,0.716052,-0.189161
5,0,5,4,1,0.784997,-0.847409
5,0,4,3,1,0.929673,-0.090039
4,1,6,4,2,0.0480736,-0.10438
5,0,4,4,1,0.313642,0.50287
5,1,4,3,3,0.54701,0.527643
4,1,6,1,3,0.929862,0.668423
4,1,6,1,2,0.270479,-0.555934
4,1,6,2,2,0.479987,-0.52786
4,0,6,2,3,0.0293897,0.441459
5,1,4,2,2,0.731922,-0.524753
5,1,4,1,2,0.81003,-0.577461
5,1,5,2,2,0.352696,-0.712309
4,3,6,5,3,0.110939,-0.297911
4,1,6,5,3,0.0193497,0.304296
5,2,5,5,3,0.476859,-0.651176
5,3,5,5,3,0.0755865,0.83519
5,3,5,5,4,0.631367,-0.209897
5,3,5,4,4,0.376594,-0.203898
5,3,5,3,4,0.13317,-0.269081
5,3,5,3,3,0.760598,0.692319
4,3,5,3,4,0.0720654,-0.506152
4,3,5,3,3,0.638001,0.890806
4,3,5,6,3,0.207067,-0.0557706
4,3,5,6,4,0.633658,0.826768
4,2,5,6,3,0.24377,-0.651988
4,4,5,6,4,0.719608,0.800399
5,9,7,4,6,0.169033,0.119109
5,8,7,3,5,0.418546,-0.756724
5,6,7,8,5,0.620073,-0.156165
5,7,7,8,5,0.35234,0.94838
5,9,7,9,6,0.537314,-0.814183
4,3,6,6,3,0.998286,-0.414305
4,4,5,3,4,0.475471,-0.995727
4,4,5,2,4,0.397345,0.520003
4,3,5,2,4,0.184931,-0.414209
4,3,5,2,3,0.898716,0.501939
4,2,6,6,3,0.259466,0.124097
4,3,5,7,4,0.985454,-0.944144
4,5,5,3,4,0.827919,-0.440094
4,3,6,2,3,0.187883,-0.755708
5,0,4,2,0,0.78537,0.537066
5,0,4,1,0,0.259704,0.986642
5,2,7,1,3,0.344196,-0.334503
5,4,6,9,4,0.513928,-0.5623
5,4,5,7,4,0.459955,0.337163
5,5,5,7,4,0.848085,0.819092
5,5,5,6,4,0.977921,-0.864817
5,6,5,6,5,0.59056,0.833473
5,6,5,5,5,0.796647,-0.0205232
5,5,5,5,4,0.384866,-0.399464
5,7,5,6,5,0.452394,0.746658
5,7,5,5,5,0.188655,-0.605799
4,8,7,6,5,0.619482,0.474705
4,8,7,4,5,0.637779,-0.197656
4,7,7,2,5,0.768561,0.259536
4,6,7,2,5,0.554437,0.961407
4,5,7,2,4,0.40253,-0.388883
4,3,7,3,4,0.428415,-0.819835
4,7,5,6,5,0.0820326,0.2878
4,7,5,7,5,0.83569,0.266638
4,8,5,6,5,0.385331,0.183332
5,1,4,5,2,0.85986,-0.324997
5,1,4,0,2,0.0692694,-0.99253
5,1,4,6,3,0.949012,0.652416
5,3,4,7,3,0.608978,-0.231888
5,3,4,7,4,0.559733,-0.174894
5,4,4,7,4,0.194906,-0.926908
5,4,4,2,4,0.0178578,-0.093305
5,3,4,2,4,0.074047,-0.147785
4,3,4,3,3,0.233818,-0.789995
4,3,4,4,3,0.503372,0.715754
4,3,4,2,3,0.0429431,0.0263356
4,2,4,2,3,0.201,0.207691
4,2,4,1,3,0.560111,0.332854
4,1,4,2,3,0.693292,-0.898444
4,1,4,3,3,0.672047,-0.0143558
5,1,4,2,3,0.50457,-0.0442668
5,1,5,0,3,0.0550932,-0.0853914
5,1,5,0,2,0.870446,0.583279
5,4,5,5,4,0.329247,-0.265011
5,4,5,4,4,0.412782,-0.503903
5,3,5,4,3,0.450091,0.761475
5,3,5,6,4,0.83142,0.414665
5,4,5,6,4,0.46306,0.433833
5,4,5,3,4,0.747875,-0.445047
5,3,5,2,3,0.228547,0.376949
3,6,7,3,5,0.48985,0.896485
3,5,7,3,4,0.798296,0.431051
3,2,7,7,4,0.319106,0.176518
3,3,7,7,4,0.190585,0.512298
3,4,7,7,4,0.0739946,0.0779151
4,7,5,5,5,0.555283,-0.746872
4,8,5,6,6,0.0387235,0.541407
4,0,7,3,1,0.903905,0.254429
4,0,7,4,1,0.747141,-0.124553
4,0,7,5,1,0.957619,0.140402
3,4,6,8,4,0.400732,-0.816664
5,0,5,4,2,0.0698874,0.647755
5,1,5,4,2,0.30092,-0.660338
4,0,4,2,0,0.934246,0.560011
3,7,7,3,5,0.621239,0.587415
4,2,5,7,3,0.0153049,-0.843315
4,3,5,7,3,0.594899,0.321894
4,0,5,3,1,0.707743,-0.94296
5,0,5,2,0,0.271831,-0.369527
4,0,5,2,0,0.423557,0.230151
4,6,5,7,5,0.836824,-0.253322
3,4,7,8,4,0.152201,0.53439
3,4,7,9,4,0.17621,0.730092
3,5,7,7,4,0.640489,-0.359001
5,1,4,1,3,0.189568,-0.496423
5,0,7,5,2,0.850402,0.333052
4,7,6,5,5,0.55797,0.117036
4,7,6,4,5,0.819137,0.146022
5,1,4,0,3,0.219443,0.846863
1,9,7,6,7,0.0872716,-0.553414
2,9,7,3,6,0.920631,0.998852
1,2,7,6,3,0.235962,-0.116486
1,3,7,7,4,0.970768,0.963495
1,4,7,7,4,0.76014,0.2288
1,5,7,7,4,0.480036,-0.0632525
1,6,7,7,5,0.0298134,0.221896
5,9,7,5,7,0.758457,-0.325901
5,9,7,4,7,0.348385,0.819584
5,9,7,3,6,0.824863,0.461081
4,0,4,2,1,0.79627,-0.912288
5,7,5,7,5,0.284217,-0.924397
3,4,6,2,4,0.46905,0.6841
5,5,7,8,4,0.955185,0.0331379
