# fitness=158.727
# z_env,vz_env,vtot_env,pitch_env,gamma_env,cmd_thrust,cmd_prof
5,0,7,1,2,0.563995,0.650121
5,0,7,2,2,0.37467,-0.914242
5,0,7,3,2,0.507066,-0.475533
5,0,7,3,3,0.957843,0.571417
5,0,7,4,3,0.584347,-0.971794
5,1,7,4,3,0.993052,0.531908
5,1,7,3,3,0.211656,-0.361346
5,1,7,2,3,0.228017,-0.13084
4,1,7,2,3,0.752371,0.622276
4,1,7,3,3,0.625362,0.543637
4,1,7,4,3,0.936994,-0.256049
4,1,7,5,3,0.415836,-0.840314
4,2,7,5,3,0.383741,0.836819
4,2,7,6,3,0.881759,-0.289537
4,2,7,6,4,0.398631,0.763499
4,3,7,6,4,0.491518,0.204128
4,3,7,7,4,0.832382,-0.913638
4,4,7,7,4,0.781858,-0.394609
4,5,7,7,4,0.0736382,-0.0785087
4,6,7,7,5,0.0299343,-0.13875
4,7,7,7,5,0.53565,-0.330138
4,8,7,6,5,0.166648,-0.60577
4,8,7,5,5,0.379018,-0.892709
5,0,4,0,0,0.990839,0.388985
4,0,4,0,0,0.979609,0.299976
4,0,5,0,0,0.910983,0.403292
3,0,5,0,0,0.759057,0.0699454
3,0,6,0,0,0.0695005,0.746922
3,0,6,0,1,0.612227,-0.308004
3,0,6,1,1,0.146702,0.383167
3,0,6,2,1,0.0206633,0.8245
3,0,6,2,2,0.813794,0.80915
3,0,6,3,2,0.890728,0.163472
3,0,6,4,2,0.390302,-0.714869
3,0,6,5,2,0.632282,-0.155692
3,1,6,4,3,0.995975,0.293364
3,1,6,5,3,0.987953,-0.961091
3,2,6,5,3,0.931466,0.101151
3,3,6,5,3,0.712252,0.370643
3,3,6,4,3,0.593951,0.130645
3,3,6,4,4,0.424766,0.682381
3,3,6,5,4,0.949098,0.0673832
3,4,6,5,4,0.893836,0.0392787
3,4,6,4,4,0.31653,-0.586083
3,4,6,3,4,0.946747,0.356723
3,3,6,3,4,0.838573,0.0593078
2,3,6,3,4,0.372244,-0.208796
2,3,6,4,4,0.822576,-0.312422
2,3,6,5,4,0.792194,0.0314321
2,3,6,6,4,0.781281,0.812757
2,4,6,6,4,0.297173,-0.256476
2,4,6,7,4,0.936997,0.233833
2,5,6,7,4,0.49038,0.0785897
2,6,6,7,5,0.638951,0.808314
2,7,6,7,5,0.335413,-0.616099
2,8,6,7,5,0.0485215,-0.129174
2,8,6,8,6,0.331096,0.759443
2,9,6,8,6,0.0527838,-0.983341
3,9,6,8,6,0.425507,-0.160793
3,9,6,8,7,0.146139,-0.855741
4,0,6,0,0,0.972091,0.567918
3,0,6,3,3,0.942151,0.577462
3,0,6,2,3,0.734556,-0.71686
3,1,6,2,3,0.677956,0.896926
3,1,6,3,3,0.618184,-0.492459
3,1,6,6,3,0.568077,0.00475226
3,2,6,6,3,0.976946,0.189182
3,3,6,3,3,0.00831424,0.596387
3,2,6,3,3,0.837021,-0.0476417
3,2,6,2,3,0.976817,-0.194212
3,2,6,1,3,0.465843,-0.304911
3,1,6,1,3,0.910934,0.212921
3,3,6,6,4,0.36159,-0.779107
3,4,6,6,4,0.443551,0.732608
3,5,6,6,4,0.830228,-0.0108901
3,6,6,6,5,0.329284,-0.369021
3,7,6,6,5,0.0964778,0.497192
3,8,6,6,5,0.459972,0.847673
3,8,6,7,5,0.935654,-0.871429
3,8,6,7,6,0.0478832,0.922881
3,9,6,7,6,0.3724,-0.726658
3,9,6,6,6,0.233809,0.755771
3,9,6,5,6,0.153739,-0.725154
3,9,6,4,6,0.901458,0.432054
3,8,6,4,6,0.609324,0.732891
3,8,6,4,5,0.992741,-0.0436911
3,0,5,0,1,0.84892,-0.0406793
3,0,5,1,1,0.179454,0.812397
3,1,6,2,2,0.134978,-0.937261
3,1,6,1,2,0.257421,-0.337757
3,0,6,1,2,0.659092,-0.722587
3,2,6,4,3,0.651492,0.475767
3,5,6,5,4,0.988737,-0.278321
3,6,6,5,5,0.0778758,0.39572
3,6,6,4,5,0.169619,0.464598
3,5,6,4,4,0.947852,0.91203
3,5,6,3,4,0.998373,0.505395
3,6,6,7,5,0.173864,0.584143
3,7,6,7,5,0.000756386,0.830482
3,7,6,5,5,0.754533,-0.818933
3,7,6,4,5,0.978059,0.503161
3,6,6,3,5,0.841048,0.71616
3,8,6,8,6,0.792748,0.229188
3,9,6,7,7,0.452258,-0.352071
5,0,5,0,0,0.505607,-0.994213
3,0,7,0,0,0.649319,-0.516404
3,0,6,1,0,0.263651,-0.158571
3,0,7,1,0,0.546198,0.278638
3,0,7,0,1,0.0655824,0.177662
3,0,7,1,1,0.161913,0.93866
3,0,7,2,1,0.295539,-0.270863
2,0,6,2,1,0.24646,0.730073
2,0,5,2,1,0.729007,0.436706
2,0,5,2,0,0.409117,-0.619109
2,0,5,1,0,0.730991,-0.829832
2,0,5,1,1,0.0479376,-0.0618707
2,0,5,0,1,0.0711876,0.78789
2,0,5,0,0,0.731516,-0.634366
2,0,6,0,0,0.280707,0.516572
2,0,6,0,1,0.247667,-0.698252
2,0,6,1,1,0.266141,-0.414188
2,0,6,1,2,0.137175,-0.668764
2,0,6,2,2,0.706414,-0.228568
2,0,6,3,2,0.565677,-0.654004
2,0,6,4,2,0.986414,0.979614
2,0,6,3,3,0.811942,0.76252
2,1,6,3,3,0.999995,0.554406
2,1,6,2,3,0.760896,0.096533
2,1,6,1,3,0.458702,-0.515136
2,0,6,1,3,0.0948352,-0.319954
2,0,6,4,3,0.00146763,0.862996
2,1,6,4,3,0.779104,0.481992
2,1,6,5,3,0.74293,0.400245
2,2,6,5,3,0.263436,0.268311
2,2,6,6,3,0.519573,-0.46229
2,3,6,6,3,0.423411,-0.325973
2,4,6,5,4,0.741948,-0.220622
2,5,6,6,4,0.63832,-0.677439
2,6,6,6,5,0.0112754,-0.979755
2,7,6,6,5,0.861852,0.0566744
2,8,6,6,5,0.628915,-0.844361
2,8,6,7,6,0.116913,0.0702964
2,9,6,7,6,0.153841,-0.0349014
2,9,6,7,7,0.00216205,-0.40571
2,9,6,6,7,0.0680625,-0.328129
3,5,6,7,4,0.70429,0.172327
4,0,4,1,0,0.0735059,-0.488995
3,0,4,0,0,0.845015,0.914673
3,1,6,3,2,0.936672,-0.225458
3,8,6,5,5,0.445674,-0.101733
3,9,5,8,6,0.0609369,0.1463
5,0,7,0,2,0.747174,-0.285541
5,0,7,0,1,0.892042,0.167648
5,0,7,1,1,0.100515,0.76786
5,0,7,4,2,0.903989,-0.0205405
5,0,7,5,2,0.364319,0.465959
4,0,7,5,2,0.357415,0.154588
4,0,7,4,2,0.164161,-0.328351
4,0,7,3,2,0.690576,-0.580443
4,0,7,2,2,0.0549377,0.562055
4,0,7,1,2,0.701928,-0.805908
4,0,7,2,3,0.82591,-0.315544
4,0,7,1,3,0.93822,0.405913
4,0,7,3,3,0.0657147,0.0847016
3,0,7,2,2,0.886942,-0.375693
3,0,7,3,2,0.301461,0.865134
3,0,7,4,2,0.188754,0.818059
3,0,7,4,3,0.00577181,-0.295753
3,0,7,5,3,0.918322,-0.921433
3,1,7,4,3,0.492141,0.53865
3,1,7,5,3,0.452379,-0.801133
3,2,7,5,3,0.414333,-0.20664
3,2,7,4,3,0.929607,0.200476
3,2,7,4,4,0.370541,-0.994422
3,3,7,4,4,0.663764,-0.643765
3,3,7,3,4,0.275207,0.754674
3,2,7,3,4,0.365018,0.865973
3,2,7,3,3,0.834151,-0.00713828
3,2,7,5,4,0.358526,0.482101
3,3,7,5,4,0.546767,-0.273636
3,3,7,2,4,0.485029,-0.106418
3,2,7,2,4,0.456662,0.721737
3,2,7,2,3,0.587176,0.0442307
3,1,7,2,3,0.3311,0.440138
3,1,7,1,3,0.489108,-0.678789
3,0,7,2,3,0.227652,0.842022
3,0,7,1,3,0.951576,0.226346
3,0,7,3,3,0.862603,0.419769
3,4,7,5,4,0.436687,0.0407404
3,4,7,6,4,0.568685,0.404039
3,5,7,6,4,0.624072,-0.377656
3,5,7,7,4,0.175603,-0.473959
3,6,7,7,5,0.902248,-0.614079
3,7,7,7,5,0.500937,0.761806
3,8,7,7,5,0.0706171,-0.0622415
3,9,7,7,5,0.873813,-0.666653
3,9,7,7,6,0.0406833,-0.273619
3,9,7,8,6,0.911494,-0.212091
3,9,7,7,7,0.555693,-0.331822
3,9,7,8,7,0.152835,-0.428049
4,0,7,4,3,0.678228,0.146458
4,2,7,4,3,0.101631,-0.523615
4,2,7,5,4,0.361138,-0.25007
4,3,7,5,4,0.0545636,-0.243686
4,4,7,6,4,0.101309,0.480084
4,7,7,6,5,0.979896,-0.672156
4,7,7,5,5,0.605263,-0.872812
4,0,5,0,1,0.955208,0.528235
3,0,7,1,2,0.143218,0.493762
3,1,7,3,3,0.288312,0.89182
2,1,7,4,3,0.941902,-0.36274
2,3,6,7,4,0.377203,0.0987065
2,8,6,6,6,0.689824,0.4828
2,9,6,8,7,0.938893,0.656795
3,9,6,9,7,0.184927,-0.260659
5,0,7,0,0,0.78991,0.0261055
4,0,7,0,0,0.267527,-0.988703
2,0,7,4,3,0.784254,-0.878856
2,1,7,3,3,0.118213,0.547726
2,1,7,2,3,0.905929,-0.202171
1,1,7,3,3,0.110937,0.328548
1,1,7,2,3,0.672836,0.969674
0,1,7,2,3,0.415497,0.833018
0,0,7,2,3,0.0299659,-0.912639
0,0,7,3,3,0.351717,-0.664492
0,1,7,3,3,0.554138,-0.883594
0,1,7,4,3,0.269358,-0.819214
0,2,7,3,3,0.533371,-0.324856
0,2,7,4,3,0.101909,0.802326
0,2,7,4,4,0.546581,0.851258
0,2,7,5,4,0.691401,0.453727
0,3,7,5,4,0.895495,0.113173
0,3,7,6,4,0.103414,-0.126597
0,4,7,6,4,0.629617,0.0337317
0,4,7,7,4,0.502251,0.14173
0,5,7,7,4,0.477288,0.587138
0,6,7,7,5,0.709449,0.405774
0,7,7,7,5,0.514731,0.432994
0,8,7,7,5,0.825769,-0.487912
0,8,7,6,5,0.304518,0.416689
0,9,7,6,5,0.943159,0.776985
0,9,7,6,6,0.00903023,-0.40739
0,9,7,5,6,0.452561,-0.500098
1,9,7,5,6,0.841307,-0.608377
1,9,7,4,6,0.81863,0.924106
1,9,7,4,5,0.302398,-0.303192
1,8,7,4,5,0.928682,-0.812744
1,7,7,4,5,0.12436,0.62867
1,6,7,3,5,0.544815,0.764037
1,6,7,4,5,0.450773,-0.690871
1,5,7,4,4,0.41827,-0.227395
1,4,7,4,4,0.932878,0.633863
1,4,7,3,4,0.536766,-0.491498
1,3,7,3,4,0.4943,0.115991
1,3,7,2,4,0.635331,0.519316
1,2,7,2,4,0.412588,0.318637
1,2,7,3,4,0.339885,0.358996
1,2,7,3,3,0.330775,0.809194
1,2,7,4,3,0.965974,-0.571986
0,7,7,6,5,0.222539,-0.346837
0,9,7,7,5,0.0532713,0.991318
0,9,7,7,6,0.0753096,0.531075
1,9,7,7,6,0.624923,-0.105328
1,9,7,7,7,0.77361,-0.508571
1,9,7,6,7,0.305383,0.0553321
1,9,7,6,6,0.820512,0.682187
4,8,7,4,5,0.0342399,-0.526809
4,7,7,4,5,0.450925,-0.839386
4,7,7,3,5,0.295901,-0.051214
4,6,7,3,5,0.814314,-0.931076
4,5,7,3,4,0.444102,0.125275
4,4,7,3,4,0.730853,0.921878
4,4,7,4,4,0.86463,0.204361
4,4,7,5,4,0.521476,0.215613
4,5,7,5,4,0.980013,0.834214
4,5,7,6,4,0.130838,-0.562257
4,6,7,6,5,0.791175,-0.693043
4,8,7,7,5,0.0406622,0.736529
4,9,7,7,5,0.16444,0.444746
4,9,7,7,6,0.108021,-0.677455
4,9,7,8,6,0.817663,-0.968516
4,9,7,9,6,0.481733,0.661905
4,9,7,9,7,0.310413,0.190905
4,9,7,8,7,0.285139,0.00230863
5,9,7,8,7,0.187117,0.835057
5,9,7,9,7,0.726502,0.728515
2,0,7,2,2,0.185095,0.546208
2,0,7,3,2,0.537484,-0.19392
2,0,7,3,3,0.56467,-0.365305
0,9,7,8,6,0.198324,0.511358
0,9,7,8,7,0.748701,-0.21452
0,9,7,9,7,0.384759,0.560056
1,9,7,9,7,0.0773074,-0.394432
1,9,7,8,7,0.522101,-0.254766
2,1,7,5,3,0.619986,-0.433753
2,2,6,4,3,0.593891,-0.0896175
2,9,6,6,6,0.133924,0.100599
2,9,6,5,6,0.771612,-0.691902
2,8,6,5,6,0.501416,-0.356623
3,0,6,1,3,0.915268,0.0854221
3,4,6,7,4,0.200631,0.743724
3,0,6,0,2,0.306614,0.0324245
3,0,6,5,3,0.461172,-0.378135
2,2,6,3,3,0.44619,0.211175
2,2,6,2,3,0.629531,-0.3496
2,2,7,3,3,0.61832,0.923387
2,2,7,4,3,0.572743,0.184049
2,3,7,5,4,0.630867,-0.767545
2,3,7,6,4,0.00772783,0.0740226
3,0,6,4,3,0.131654,0.621388
2,4,6,4,4,0.421132,0.793351
2,5,6,5,4,0.995883,0.649789
2,6,6,5,5,0.793419,0.392364
2,7,6,5,5,0.429027,0.423679
2,2,7,3,4,0.180383,-0.785809
2,2,7,4,4,0.765463,0.656167
2,2,7,5,4,0.788863,-0.288364
2,4,7,6,4,0.168405,-0.227281
2,5,7,6,4,0.496881,-0.0577546
2,6,7,6,5,0.292294,-0.416523
2,7,7,6,5,0.0411314,0.618816
2,7,7,7,5,0.543885,-0.186356
2,8,7,7,5,0.741268,0.838065
2,8,7,6,5,0.452353,-0.980642
2,9,7,6,5,0.144822,0.220305
2,9,7,6,6,0.220926,-0.136087
2,9,7,7,6,0.388687,-0.30938
2,9,7,7,7,0.425721,0.929856
3,9,7,9,7,0.649267,0.212568
3,2,7,6,4,0.0600472,0.745324
3,3,7,6,4,0.162638,0.217667
3,4,7,4,4,0.530067,-0.754825
3,5,7,5,4,0.0551839,0.583707
3,6,7,5,5,0.289098,-0.106282
3,6,7,6,5,0.156603,0.585048
3,0,7,3,1,0.929013,-0.0294753
3,7,7,6,5,0.508234,0.701924
3,8,7,6,5,0.458477,0.459902
3,9,7,6,5,0.350238,-0.964565
3,9,7,6,6,0.0794462,-0.925908
4,0,5,1,1,0.875428,0.211725
3,1,6,4,2,0.382777,-0.245095
3,3,6,6,3,0.555165,-0.657862
3,3,6,7,4,0.0180475,-0.796494
3,8,6,6,6,0.371216,-0.134343
3,9,5,7,6,0.194038,-0.841621
2,0,7,1,1,0.127526,0.989583
2,0,7,2,1,0.233427,-0.164229
2,0,7,4,2,0.281685,0.195025
2,8,6,5,5,0.384719,-0.477139
3,2,6,7,3,0.935486,-0.0335921
3,3,5,6,3,0.0922229,0.946929
3,3,5,6,4,0.902336,0.894923
3,4,5,6,4,0.834161,0.387438
3,4,5,5,4,0.697303,0.0185905
3,5,5,5,4,0.596152,0.173895
3,6,5,5,5,0.963275,0.947411
3,6,5,6,5,0.768602,0.900628
3,7,5,6,5,0.812347,-0.0446292
3,7,5,7,5,0.0251639,0.0221337
3,8,5,7,5,0.373818,0.858857
3,8,5,6,5,0.105101,0.677379
3,8,5,5,5,0.867381,-0.437332
4,0,7,0,1,0.14904,-0.353599
4,0,7,1,1,0.321057,-0.22624
4,0,7,2,1,0.498265,0.00785419
4,2,7,3,3,0.43721,0.581494
4,2,7,2,3,0.109543,-0.730998
4,2,7,4,4,0.385225,0.305494
4,2,7,3,4,0.338038,0.491465
4,9,7,7,7,0.573412,-0.592717
4,9,7,6,7,0.547111,0.759793
4,9,7,5,7,0.185062,0.782301
2,0,7,0,1,0.916881,-0.891735
2,0,6,5,2,0.27175,-0.660787
2,0,6,5,3,0.741873,0.739455
2,0,6,0,3,0.651368,0.35209
2,0,6,0,2,0.842974,-0.046329
2,0,7,5,3,0.538672,-0.210563
2,1,6,6,3,0.581793,0.028728
2,3,6,5,3,0.262567,-0.559404
3,8,6,5,6,0.449515,-0.353116
3,0,5,1,0,0.872554,-0.896875
2,0,6,2,3,0.533261,-0.495844
2,5,6,4,4,0.00766474,-0.7053
2,6,6,4,5,0.273765,-0.739065
2,9,6,4,6,0.486821,0.368264
2,8,6,4,6,0.714064,0.353834
2,8,6,4,5,0.475817,0.430498
4,0,5,2,1,0.112302,-0.15113
4,0,5,2,2,0.0876103,-0.185715
4,0,5,3,2,0.0333455,0.204164
4,0,6,2,2,0.525238,-0.417286
4,1,6,2,2,0.589854,-0.625773
4,1,6,3,2,0.432433,-0.743544
4,1,6,3,3,0.557441,0.823708
4,1,6,4,3,0.742461,-0.612593
4,1,6,5,3,0.0827197,0.582567
4,1,6,6,3,0.233539,0.18904
4,1,5,6,3,0.7625,-0.139904
4,2,5,6,3,0.153181,0.622366
4,2,5,5,3,0.0973044,0.518916
4,2,5,4,3,0.962968,0.912422
4,2,5,3,3,0.310961,-0.0313715
4,2,6,4,3,0.870384,-0.715825
4,2,6,5,3,0.0675714,-0.272724
4,3,6,5,3,0.648464,-0.0367735
4,3,6,5,4,0.994019,0.974289
4,3,6,6,4,0.824211,0.132486
4,3,5,6,4,0.265607,-0.0126206
4,3,5,7,4,0.908261,0.845543
4,4,5,7,4,0.527097,-0.41746
4,5,5,7,4,0.616465,0.616717
4,6,5,7,5,0.117363,0.940281
4,7,5,7,5,0.43233,0.910425
4,8,5,7,5,0.800506,0.739209
4,8,5,7,6,0.717325,-0.567954
4,9,5,7,6,0.896398,0.505206
4,9,5,8,6,0.90498,-0.497974
4,9,5,8,7,0.870815,-0.663848
5,0,7,2,3,0.807611,0.974611
3,1,7,6,3,0.738852,0.14555
3,2,7,6,3,0.845872,-0.898344
3,7,7,5,5,0.703645,-0.646029
3,8,7,5,5,0.320358,0.149423
4,9,7,6,6,0.169484,-0.516454
2,0,7,2,3,0.652691,0.825521
2,0,7,1,3,0.38303,0.185495
2,0,7,1,2,0.815791,-0.390706
2,9,6,9,7,0.635545,0.202282
3,0,6,3,1,0.203195,0.589494
3,9,5,8,7,0.549981,0.561368
3,8,5,7,6,0.485199,-0.984922
2,3,6,4,3,0.751055,-0.467121
2,4,5,9,4,0.165897,-0.823783
2,4,4,9,4,0.0153602,0.0122799
2,4,4,8,4,0.754717,-0.0528384
2,4,4,7,4,0.378858,-0.239039
2,5,4,7,4,0.92615,0.0306769
2,5,4,6,4,0.511457,0.609735
2,6,4,6,5,0.998112,0.825903
2,6,4,5,5,0.381193,-0.940181
2,7,4,6,5,0.0486379,0.61223
2,7,4,7,5,0.0287804,0.964931
2,8,4,7,5,0.342327,-0.450217
2,8,4,6,5,0.52886,0.186749
2,8,4,5,5,0.520824,-0.76041
2,8,4,4,5,0.294272,0.19722
2,7,4,4,5,0.260233,-0.847063
2,7,4,3,5,0.411259,-0.766138
5,2,7,4,4,0.323882,-0.838625
5,2,7,5,4,0.763575,-0.44526
5,3,7,5,4,0.312477,-0.627876
5,3,7,6,4,0.895679,-0.19317
5,4,7,7,4,0.355509,0.11264
5,5,7,7,4,0.288392,0.841669
5,6,7,7,5,0.0625478,-0.800774
5,7,7,7,5,0.481599,-0.0912914
5,7,7,8,5,0.900948,-0.0360548
5,8,7,8,5,0.661251,0.331709
5,8,7,7,5,0.74329,0.610111
5,9,7,7,5,0.893359,0.571549
5,9,7,7,6,0.614075,-0.410642
5,9,7,8,6,0.382341,-0.69787
5,9,7,7,7,0.558007,0.825465
5,9,7,6,7,0.66481,-0.721539
2,3,7,4,4,0.254941,-0.513433
2,3,7,3,4,0.215352,0.545261
2,2,7,2,3,0.764447,-0.092626
2,2,7,5,3,0.55504,-0.785371
2,8,6,3,5,0.059312,0.735498
2,7,6,3,5,0.51458,0.190287
2,6,6,3,5,0.150927,0.428606
2,5,6,3,4,0.357704,-0.32774
2,4,6,3,4,0.378738,0.668784
2,4,5,8,4,0.489608,0.510671
2,4,5,7,4,0.932991,0.894545
2,5,5,7,4,0.604051,0.507994
2,5,5,6,4,0.438663,0.051717
2,6,5,6,5,0.462552,-0.577439
2,7,4,5,5,0.419994,-0.166124
3,0,5,3,2,0.670754,0.140422
3,0,5,4,2,0.601361,-0.429121
3,1,5,3,2,0.501595,0.756911
3,1,5,4,2,0.458297,0.355734
3,1,5,4,3,0.693963,0.511882
3,1,5,3,3,0.247085,0.13007
3,1,5,2,3,0.739934,0.260945
3,2,5,6,3,0.00320212,0.260395
3,3,5,7,4,0.505779,0.737181
3,4,5,7,4,0.92114,0.98307
3,5,5,7,4,0.543021,-0.0524845
3,6,5,7,5,0.940218,-0.467094
3,8,5,6,6,0.959741,-0.26966
3,9,5,6,6,0.397961,-0.0815486
3,9,5,5,6,0.336126,0.736756
4,0,7,1,0,0.0703275,-0.62612
3,0,7,5,2,0.763327,0.416114
3,0,7,6,3,0.538121,0.493936
5,0,5,1,0,0.313769,-0.258155
4,0,5,1,0,0.330496,-0.946532
3,0,5,2,1,0.397848,0.330623
3,0,5,2,2,0.966835,0.0820451
3,0,5,1,2,0.235469,0.389285
1,1,7,4,3,0.784113,-0.0886912
1,2,7,5,3,0.833125,-0.438782
1,2,7,5,4,0.374941,-0.238692
1,3,7,5,4,0.981526,-0.089375
1,4,7,5,4,0.523334,-0.438623
1,4,7,6,4,0.532442,0.561937
1,5,7,6,4,0.327321,0.0510421
1,6,7,6,5,0.386235,-0.390584
1,7,7,6,5,0.891512,0.500707
1,7,7,7,5,0.744954,-0.868966
1,8,7,7,5,0.663623,0.761568
1,9,7,7,5,0.636077,0.183787
2,9,7,8,6,0.0412053,0.26344
3,1,5,5,3,0.731494,-0.877515
3,2,5,5,3,0.0613577,-0.98088
3,2,5,4,3,0.694891,0.412939
2,0,7,0,0,0.877351,-0.607523
2,0,7,0,2,0.559825,-0.342049
1,0,7,1,2,0.734404,-0.102503
1,0,7,2,2,0.779099,-0.740149
1,0,7,3,2,0.367358,0.100483
1,0,7,3,3,0.469838,-0.0988781
1,0,7,2,3,0.239857,0.810583
1,2,7,6,4,0.426863,0.170522
1,3,7,6,4,0.366896,0.465547
1,4,7,7,4,0.640149,-0.436785
1,5,7,7,4,0.987064,0.909785
1,6,7,7,5,0.40972,-0.557601
1,9,7,5,5,0.210733,-0.436453
1,8,7,5,5,0.807851,0.758427
1,8,7,6,5,0.974218,0.0163523
2,2,7,6,3,0.067791,-0.928358
3,0,5,3,1,0.49425,-0.75945
3,0,4,1,1,0.135887,0.948668
3,0,4,0,1,0.900967,0.491599
3,1,5,2,2,0.753639,-0.30337
3,2,5,3,3,0.453997,0.0746973
3,3,5,4,3,0.6984,-0.527223
3,3,5,5,3,0.885958,-0.971517
3,3,5,5,4,0.22526,-0.185469
3,5,5,6,4,0.528256,-0.900352
3,9,5,7,7,0.441969,-0.79163
3,2,7,1,3,0.402621,0.72118
3,1,5,1,2,0.849897,0.978867
3,9,7,9,6,0.875054,0.817126
3,9,7,9,8,0.702746,-0.315991
3,9,7,8,5,0.536496,-0.757548
3,9,7,9,5,0.676702,-0.859
2,9,7,7,5,0.700597,0.726388
2,4,7,5,4,0.455678,0.236983
2,5,7,5,4,0.654473,-0.342256
2,8,7,5,5,0.566934,-0.588519
2,2,7,6,4,0.266809,0.416427
2,3,7,7,4,0.687348,-0.572772
2,4,7,7,4,0.549766,0.0224902
2,5,7,7,4,0.537402,0.382019
2,6,7,7,5,0.762923,0.724474
2,9,7,8,7,0.000904517,-0.183695
2,9,7,6,7,0.732395,-0.155532
2,9,7,5,7,0.0357853,-0.0761038
2,9,7,5,6,0.145811,0.354191
2,0,7,3,1,0.793974,0.766723
2,8,7,4,5,0.452478,-0.235163
2,7,7,4,5,0.715733,0.891482
2,7,7,5,5,0.736838,0.173792
5,0,3,0,0,0.737229,-0.250652
2,3,6,3,3,0.836647,-0.810856
2,6,5,5,5,0.686037,0.0243453
2,7,5,6,5,0.993607,0.440203
2,7,5,5,5,0.386062,0.965753
2,7,5,7,5,0.281821,0.134944
2,8,5,7,5,0.182085,0.466426
2,8,5,6,5,0.00607919,-0.635337
4,0,7,0,2,0.94373,-0.885585
3,3,6,2,4,0.193024,-0.778547
3,3,6,2,3,0.205149,-0.000415239
3,7,6,3,5,0.906126,-0.905453
2,5,5,5,4,0.295213,0.993618
2,6,4,4,5,0.500297,0.397583
2,5,4,3,4,0.756668,0.761993
2,4,4,3,4,0.0981384,-0.11923
2,4,4,2,4,0.975895,-0.217488
2,3,4,2,4,0.463919,-0.914969
2,3,4,3,4,0.648615,0.43669
2,3,4,4,4,0.0278645,-0.730872
2,3,4,4,3,0.996616,-0.594526
2,3,4,5,4,0.407495,-0.190913
2,3,4,6,4,0.880756,-0.313734
2,4,4,6,4,0.0535207,0.92896
2,6,4,7,5,0.500774,-0.835809
5,0,7,2,1,0.149322,0.310128
4,9,7,5,6,0.619859,0.456712
4,9,7,4,6,0.731645,-0.294306
3,0,7,0,2,0.201807,-0.706252
1,2,7,4,4,0.862478,0.478256
1,5,7,5,4,0.381539,0.118938
1,6,7,5,5,0.327352,-0.82698
1,7,7,5,5,0.714476,-0.457094
1,9,7,6,5,0.652411,-0.42325
1,9,7,3,5,0.976497,-0.291617
1,8,7,3,5,0.119176,-0.051027
1,7,7,3,5,0.516021,-0.324373
2,8,5,7,6,0.883793,-0.55041
2,9,5,7,6,0.569318,0.814604
2,9,4,7,6,0.765693,-0.905292
2,9,4,8,6,0.315128,-0.649446
2,9,4,8,7,0.634787,-0.815418
3,0,5,0,2,0.460039,0.24024
3,0,6,2,0,0.959761,0.529337
3,0,6,3,0,0.0461848,0.991266
3,0,5,3,0,0.854231,-0.184944
3,0,5,2,0,0.314954,-0.630023
2,0,5,1,2,0.0106666,-0.777675
2,0,5,2,2,0.735332,-0.127915
2,1,6,4,2,0.667007,-0.495485
2,2,5,5,3,0.216506,0.908803
2,2,5,4,3,0.798803,-0.0466268
2,3,5,4,3,0.463357,-0.623241
2,3,5,5,3,0.391347,-0.206219
2,3,5,5,4,0.285275,0.915096
2,9,5,6,6,0.576775,0.510584
3,7,5,5,5,0.976961,0.612407
4,0,6,0,1,0.14249,0.330092
4,0,6,1,1,0.00922542,0.171866
3,4,7,3,4,0.509872,-0.221363
3,8,7,4,5,0.696248,-0.571271
3,9,7,5,5,0.833954,0.507963
2,3,7,2,4,0.186126,0.177876
2,7,6,4,5,0.964229,-0.734553
2,4,7,4,4,0.427853,0.0502959
3,3,6,7,3,0.00506368,0.355351
3,1,5,6,3,0.997019,-0.477866
3,1,5,6,2,0.302036,-0.69723
3,1,5,5,2,0.2293,-0.280125
1,3,7,4,4,0.372424,0.0884279
3,8,7,3,5,0.396095,0.0516841
3,7,7,3,5,0.497755,0.625077
3,6,7,3,5,0.935419,-0.977339
3,6,7,4,5,0.180277,-0.130109
3,5,7,4,4,0.394963,-0.214577
2,6,7,5,5,0.179762,0.927671
2,6,7,4,5,0.94588,-0.459868
2,6,7,3,5,0.371356,-0.395078
2,5,7,3,4,0.188574,-0.781302
2,4,7,3,4,0.95056,-0.430812
5,0,7,1,0,0.3612,-0.148189
3,5,7,3,4,0.761561,0.385102
3,9,7,5,6,0.242755,-0.545924
3,9,7,4,6,0.148258,-0.067386
3,9,7,4,5,0.962677,-0.250883
3,0,4,1,0,0.0907303,-0.0337788
3,3,7,7,4,0.650447,-0.960799
3,4,7,7,4,0.264348,0.735803
2,0,5,3,2,0.0956669,-0.692659
2,0,5,4,2,0.111017,-0.54837
2,1,5,4,2,0.110817,0.457544
2,1,5,4,3,0.360184,0.00110945
2,2,5,3,3,0.88211,-0.282333
2,3,5,3,3,0.729414,-0.621535
2,3,5,4,4,0.366775,-0.417616
2,3,5,3,4,0.443515,-0.684229
2,3,5,2,3,0.33278,-0.175201
2,2,5,2,3,0.603005,-0.71831
1,2,6,3,3,0.880843,0.20229
1,2,6,4,3,0.804348,0.898783
1,3,6,4,3,0.0312275,0.344704
1,3,6,4,4,0.448484,-0.124197
1,3,6,5,4,0.551683,0.657047
1,3,6,6,4,0.620655,-0.166415
1,4,6,6,4,0.208205,-0.675492
1,5,6,6,4,0.697787,0.363664
1,6,6,6,5,0.146112,-0.809032
1,7,6,6,5,0.826786,0.873829
1,7,6,7,5,0.46928,0.284599
1,8,6,7,5,0.534461,-0.709805
1,8,6,7,6,0.364892,-0.109734
1,9,6,7,6,0.690197,-0.981326
2,4,6,2,4,0.040634,-0.0153892
2,3,6,2,4,0.0365514,0.111172
2,8,4,7,6,0.352582,0.153124
2,8,4,6,6,0.718425,0.640375
3,8,5,5,6,0.516386,-0.512489
3,8,5,4,5,0.103257,-0.360332
1,9,7,8,6,0.531134,0.344248
2,9,7,9,7,0.283014,0.0176931
2,9,7,8,8,0.171598,0.441655
2,6,5,7,5,0.987968,-0.707554
2,8,5,8,6,0.92996,0.363866
3,9,5,9,6,0.510634,-0.291861
3,9,5,9,7,0.594923,0.364187
3,6,5,4,5,0.617934,-0.0118954
3,5,5,4,4,0.557143,-0.439813
3,5,5,3,4,0.860026,-0.380114
3,4,5,3,4,0.238828,-0.57737
3,4,5,4,4,0.48429,0.0298838
3,3,5,4,4,0.945824,-0.966287
2,3,5,6,3,0.409813,-0.265853
2,3,5,6,4,0.254074,0.218169
2,4,5,6,4,0.334193,0.811092
2,3,6,2,3,0.0964823,-0.0322737
2,6,5,4,5,0.393179,0.187282
2,5,5,4,4,0.780691,-0.847103
2,5,5,3,4,0.149558,0.767589
2,4,5,3,4,0.378771,0.340689
2,4,5,4,4,0.833093,0.440501
2,4,5,5,4,0.600986,0.926611
3,1,6,5,2,0.9717,-0.520411
2,1,5,5,3,0.436959,-0.0786023
2,1,5,3,3,0.396455,0.441124
2,8,5,5,5,0.840016,0.718781
2,8,5,4,5,0.0900408,0.414473
2,7,5,4,5,0.422122,-0.389047
1,0,7,0,1,0.0169479,-0.971644
1,0,7,1,1,0.660384,0.135474
1,0,7,4,2,0.380469,-0.234667
1,0,7,4,3,0.0365679,0.614707
1,9,7,9,8,0.370967,0.717677
1,9,6,9,8,0.0128531,0.677022
2,9,6,9,8,0.448573,-0.0398241
4,9,7,4,5,0.259892,-0.0657206
4,5,7,4,4,0.797688,-0.098305
2,1,7,6,3,0.908583,0.129211
2,2,7,7,3,0.63598,0.61381
4,0,7,5,3,0.970709,-0.452443
4,1,7,6,3,0.517979,0.602961
4,3,7,4,4,0.535312,-0.169329
4,3,7,3,4,0.624524,0.690104
4,2,7,2,4,0.42977,0.856967
3,2,7,7,3,0.503348,0.215794
3,2,7,7,4,0.679116,0.978497
4,0,7,2,0,0.451639,0.721816
3,7,5,4,5,0.58344,-0.507723
2,5,4,5,4,0.899052,0.735114
2,5,4,4,4,0.652293,-0.534631
2,1,5,2,3,0.556047,0.310228
2,1,5,1,3,0.432293,0.171504
2,1,5,1,2,0.726046,0.472492
2,1,5,2,2,0.559455,0.297797
2,1,5,3,2,0.162739,0.766802
3,0,7,2,0,0.716365,0.598287
2,0,7,1,0,0.812923,-0.266699
1,0,7,0,0,0.450487,-0.233755
1,0,7,2,1,0.600876,0.0170514
3,9,6,6,7,0.908165,0.205787
2,5,7,4,4,0.991227,-0.125706
2,3,5,8,4,0.0295158,0.970107
2,3,4,8,4,0.299347,-0.972105
2,3,4,8,3,0.913335,-0.247793
2,3,4,7,3,0.737527,0.871495
2,3,4,7,4,0.848258,0.424471
2,4,4,5,4,0.111808,0.13652
4,0,7,6,2,0.850732,-0.80348
2,1,7,1,3,0.645855,-0.863493
2,9,7,9,8,0.974914,0.00759085
5,0,7,1,3,0.00903413,-0.726202
5,1,7,5,3,0.585077,-0.970522
5,1,7,6,3,0.681408,0.767325
5,2,7,6,3,0.385911,0.296862
5,2,7,6,4,0.741841,0.0359725
5,4,7,6,4,0.476253,-0.134813
5,8,7,6,5,0.0149774,0.729991
5,9,7,6,5,0.0424322,-0.41255
5,9,7,9,6,0.453795,0.0889383
3,7,7,4,5,0.630112,0.805151
3,4,7,2,4,0.10597,0.814153
2,9,5,8,6,0.504608,-0.555046
2,9,5,8,7,0.898427,-0.960101
2,9,5,9,7,0.615328,0.8221
2,9,4,9,7,0.0906574,-0.843338
3,1,6,7,3,0.1932,-0.304241
3,0,6,6,3,0.803147,-0.407355
3,1,5,7,3,0.104254,-0.0609013
3,1,5,8,3,0.59733,-0.628741
3,1,5,7,2,0.891837,-0.673693
3,1,4,7,2,0.0715079,-0.35567
3,1,4,6,2,0.38475,0.0388207
3,1,4,5,2,0.064069,0.175739
3,1,4,4,2,0.848452,0.697257
3,1,4,4,3,0.660146,-0.216813
3,1,4,3,3,0.0674312,-0.51887
3,2,4,4,3,0.556566,-0.510707
3,2,4,3,3,0.286749,0.815701
3,4,4,6,4,0.468244,-0.485528
3,4,4,5,4,0.221554,0.623022
3,5,4,5,4,0.502722,-0.717372
3,5,4,6,4,0.336586,-0.877671
3,5,4,7,4,0.219466,-0.181042
3,6,4,7,5,0.955415,-0.329349
3,7,4,7,5,0.578322,-0.472198
3,7,4,8,5,0.0496011,-0.863025
3,7,4,9,5,0.912977,0.949091
3,6,4,9,5,0.448806,-0.0972862
3,6,4,8,5,0.552633,-0.604882
3,7,4,6,5,0.122335,0.409187
3,7,4,5,5,0.0183096,-0.616484
3,7,5,3,5,0.439127,-0.166339
2,0,5,0,2,0.120742,0.206831
2,1,6,2,2,0.804559,-0.355612
2,1,6,3,2,0.634593,0.41986
5,5,7,6,4,0.576615,-0.366941
5,6,7,6,5,0.579421,0.597645
5,9,7,8,5,0.609457,0.658868
3,1,5,1,3,0.0969262,-0.943631
3,1,5,0,3,0.370404,-0.397932
3,1,5,0,2,0.339437,-0.992339
3,0,5,5,2,0.0929099,0.792493
2,0,5,3,1,0.406796,0.875979
3,4,5,9,4,0.45469,0.0619586
3,4,5,8,4,0.89168,-0.974151
3,4,4,8,4,0.185692,-0.750821
3,3,4,8,4,0.124355,0.727719
3,3,4,7,4,0.204003,-0.0715136
3,4,4,7,4,0.98191,-0.399854
3,5,4,4,4,0.119454,-0.153119
3,4,4,4,4,0.904384,0.749171
3,4,4,3,4,0.0141888,0.873749
3,3,4,3,4,0.88876,-0.449125
3,3,4,4,4,0.715617,0.210329
3,3,4,3,3,0.91962,-0.218148
3,2,5,2,3,0.87445,0.207198
3,2,5,1,3,0.150422,-0.115759
3,8,5,8,5,0.139113,-0.0923506
3,8,4,8,5,0.88656,0.0889506
3,8,4,8,6,0.42223,-0.104485
3,9,4,8,6,0.890709,-0.108391
3,9,4,9,6,0.183278,-0.14295
3,9,4,9,7,0.630518,-0.253114
3,9,4,9,8,0.772018,-0.696717
3,9,3,9,8,0.986731,0.82868
3,8,4,7,6,0.697371,0.774138
2,9,7,5,5,0.157181,0.439676
2,2,7,2,4,0.33565,0.537255
2,4,4,4,4,0.887533,-0.243707
2,8,5,6,6,0.238581,0.994633
2,8,5,5,6,0.209636,-0.512017
2,3,7,4,3,0.0330616,-0.187771
3,3,4,4,3,0.386038,0.179859
3,3,4,5,3,0.896568,-0.187675
3,3,4,6,3,0.322256,-0.367985
3,3,4,6,4,0.527243,-0.283329
3,8,4,7,5,0.591447,-0.38126
3,9,4,7,6,0.781331,0.576679
5,0,4,4,2,0.309757,0.0999242
5,1,4,4,2,0.127948,0.232341
5,1,4,5,2,0.964047,0.739394
5,1,4,5,3,0.896024,0.559974
5,1,4,6,3,0.542456,0.310803
5,2,4,5,3,0.398231,0.16856
5,2,4,4,3,0.603168,0.384666
5,2,4,3,3,0.346189,0.996428
5,2,4,2,3,0.618016,0.834547
5,2,4,1,3,0.314792,0.516924
5,1,4,1,3,0.445674,-0.354138
5,1,4,1,2,0.730651,0.680206
5,1,4,2,2,0.0630091,-0.482203
5,1,5,1,2,0.786221,-0.764183
5,0,5,1,2,0.936836,-0.561152
5,0,5,0,2,0.671863,-0.467094
4,0,5,1,2,0.475522,0.0904415
4,0,5,4,2,0.0687141,0.272644
4,1,5,4,2,0.712944,-0.299305
4,1,5,3,2,0.76327,0.490646
4,1,5,2,2,0.869167,0.579953
4,1,5,3,3,0.536434,-0.348888
4,1,5,4,3,0.0377929,-0.213875
4,1,5,5,3,0.890744,-0.249086
4,3,5,5,3,0.650206,0.734122
4,3,5,6,3,0.238387,0.257479
4,4,5,6,4,0.491325,0.941117
4,5,5,6,4,0.0555654,0.748301
4,5,5,5,4,0.860552,0.845408
4,5,5,4,4,0.794815,-0.453104
4,4,5,4,4,0.963852,0.806145
4,4,5,5,4,0.0856411,-0.465694
4,7,5,8,5,0.213992,0.212438
4,7,5,9,5,0.880849,-0.0359807
4,6,5,9,5,0.243963,-0.953813
4,5,5,9,4,0.846369,0.415985
4,5,5,8,4,0.349248,-0.853921
4,5,4,8,4,0.0888278,0.831563
4,5,4,7,4,0.666085,-0.784742
4,6,4,7,5,0.179003,-0.88035
4,6,4,6,5,0.442769,0.167281
4,7,4,6,5,0.727279,-0.0445335
4,7,4,5,5,0.209337,-0.186801
4,7,4,4,5,0.861109,-0.388899
4,6,4,4,5,0.0147398,-0.59451
4,5,4,4,4,0.182425,0.276986
4,5,4,5,4,0.744798,0.505586
4,4,4,4,4,0.716433,-0.076103
4,4,4,3,4,0.516253,-0.65506
4,3,4,3,4,0.602005,-0.413028
4,3,4,4,4,0.225003,-0.380762
4,3,4,4,3,0.0527735,-0.652994
4,3,4,5,4,0.955811,0.530581
4,4,4,5,4,0.361747,-0.0973002
4,4,4,6,4,0.361953,-0.225427
4,5,4,6,4,0.831878,-0.524201
4,6,4,5,5,0.650808,0.35654
4,4,5,3,4,0.862317,-0.00847364
4,3,5,3,4,0.727839,0.750466
4,3,5,4,4,0.489592,0.248124
4,3,5,4,3,0.115239,-0.978214
4,3,5,3,3,0.670954,-0.123134
4,3,5,2,3,0.0608226,-0.694847
4,2,5,2,3,0.700868,-0.693937
1,1,7,5,3,0.0917465,0.198263
3,5,6,8,4,0.828743,0.0176513
3,4,6,8,4,0.548379,0.464422
3,6,5,3,5,0.77101,-0.326483
3,0,7,0,3,0.535618,-0.95411
3,8,6,8,5,0.332992,0.763016
3,7,6,8,5,0.732506,0.592991
3,7,5,8,5,0.244223,0.973523
3,9,4,8,7,0.415559,-0.158319
3,8,5,8,6,0.834552,-0.535254
1,2,7,2,3,0.532225,0.191529
1,9,7,5,7,0.601631,-0.814466
3,8,6,3,5,0.605203,0.946768
3,8,4,9,5,0.867213,0.382961
2,4,3,9,4,0.499866,-0.0243106
2,4,3,8,4,0.975095,-0.323364
2,4,3,7,4,0.855039,-0.980073
2,4,3,6,4,0.0254417,0.617858
2,5,3,6,4,0.46327,0.927981
2,5,3,5,4,0.467948,-0.416716
2,6,3,6,5,0.189534,-0.349567
2,6,3,7,5,0.593272,-0.779197
2,7,3,7,5,0.779693,-0.962934
2,7,3,6,5,0.656631,0.35909
2,7,3,5,5,0.752569,0.728544
3,2,5,7,3,0.25734,0.526151
3,1,4,7,3,0.0142006,-0.496913
3,1,4,6,3,0.564001,-0.817021
3,1,4,2,3,0.656944,-0.264859
3,3,5,3,3,0.339067,-0.489486
3,3,5,3,4,0.317032,0.805289
3,4,6,9,4,0.494335,0.664188
3,3,6,8,4,0.914108,0.285741
3,3,5,8,4,0.0554359,-0.00748034
3,8,7,8,5,0.528017,0.217713
3,8,7,9,5,0.171378,0.619893
1,4,6,5,4,0.367929,0.448311
1,7,6,5,5,0.709731,-0.0905237
1,8,6,5,5,0.470908,-0.686538
1,8,6,4,5,0.881632,0.845359
1,7,6,4,5,0.265666,0.350744
1,8,6,6,5,0.870579,0.915605
3,6,4,6,5,0.525605,-0.67979
3,8,4,9,6,0.543586,0.432509
5,1,4,2,3,0.277928,0.873779
5,1,4,3,3,0.182231,0.411035
5,1,5,2,3,0.99798,-0.951195
5,1,5,3,3,0.0824349,-0.271328
5,1,5,4,3,0.988974,-0.104699
5,2,5,4,3,0.131449,-0.292722
5,2,5,5,3,0.179971,0.343282
5,3,5,4,3,0.846509,0.344671
5,3,5,5,3,0.516712,-0.470331
5,3,5,4,4,0.950762,0.500564
5,3,5,5,4,0.787623,0.0873551
5,4,5,5,4,0.0456564,0.197608
5,4,5,4,4,0.110934,-0.823358
4,4,6,5,4,0.683714,0.62741
4,4,6,4,4,0.787093,-0.273644
3,4,4,9,4,0.201448,0.125298
3,8,4,6,5,0.255429,0.774867
1,9,7,8,5,0.450964,0.118036
4,1,5,2,3,0.0652854,-0.58366
3,0,5,6,2,0.380536,0.74833
3,3,5,7,3,0.863061,0.34828
2,1,5,6,3,0.953694,0.682661
2,2,5,1,3,0.140966,-0.564115
2,2,5,6,3,0.142273,0.474386
4,0,7,6,3,0.393717,0.0836464
2,8,7,8,5,0.501356,0.690078
2,9,7,8,5,0.0588583,-0.828338
5,1,7,1,3,0.413403,0.93599
3,9,6,9,6,0.63453,-0.132632
3,8,6,9,6,0.455441,-0.126497
2,5,3,7,4,0.313071,-0.119763
2,7,3,8,5,0.40187,-0.977035
2,8,3,8,5,0.889724,0.723458
2,8,3,8,6,0.844951,-0.128252
2,8,2,8,6,0.99777,-0.386972
2,7,2,8,6,0.782866,0.455462
2,7,2,8,5,0.903198,0.658743
2,6,2,8,5,0.819044,0.440721
2,6,2,7,5,0.832524,0.80701
2,7,2,7,5,0.77422,-0.627722
5,3,7,4,4,0.0999579,-0.0756759
5,3,7,3,4,0.613658,-0.11018
5,2,7,3,4,0.106088,0.566993
5,2,7,3,3,0.921293,0.171801
5,2,7,4,3,0.646519,-0.399345
5,2,7,5,3,0.476996,-0.389371
5,3,7,7,4,0.537561,-0.106074
5,9,7,5,7,0.436777,0.104996
2,3,4,2,3,0.977644,-0.885684
2,3,4,3,3,0.716372,-0.641183
2,3,4,5,3,0.70795,-0.279356
2,3,4,6,3,0.136817,-0.479797
2,7,4,8,5,0.257837,0.293853
2,8,4,8,5,0.806431,0.241444
2,8,4,8,6,0.180957,-0.490811
2,9,4,7,7,0.341339,-0.905526
3,1,6,6,2,0.817005,0.316619
3,0,4,5,2,0.0944602,-0.249181
3,0,4,4,2,0.891346,-0.991339
3,0,4,3,2,0.882251,-0.00768513
3,0,4,2,2,0.915275,-0.0446184
3,0,4,1,2,0.990943,-0.0256076
3,0,4,0,2,0.998725,0.897743
2,7,5,8,5,0.136487,-0.481966
2,8,5,8,5,0.895958,-0.918005
2,8,4,5,6,0.872878,0.0267456
3,0,5,4,1,0.598374,-0.708789
3,0,4,6,2,0.030544,-0.367981
3,1,4,3,2,0.878041,0.368083
3,1,4,2,2,0.134366,0.66447
3,1,4,1,2,0.353192,-0.61657
2,2,6,7,3,0.220341,0.56391
2,2,5,7,3,0.0922551,-0.661478
2,3,5,7,3,0.191523,-0.892188
2,8,5,3,5,0.0891483,0.739427
2,7,5,3,5,0.567663,0.822219
2,7,5,2,5,0.546198,-0.644926
2,6,5,2,5,0.069664,-0.619769
2,5,5,2,4,0.0697189,0.588059
2,4,5,2,4,0.95461,0.881544
3,6,4,5,5,0.880659,0.663784
3,9,4,6,6,0.180917,-0.768482
3,9,4,5,6,0.72489,-0.168853
3,9,7,5,7,0.707689,-0.0154801
3,9,7,4,7,0.319382,-0.769052
3,4,0,9,4,0.0277151,0.696144
3,4,0,9,3,0.222009,0.955731
3,4,0,8,3,0.486186,-0.950087
3,3,0,8,3,0.901432,-0.463147
3,3,0,7,3,0.599721,0.0809803
3,3,0,6,3,0.0288042,-0.321881
3,3,0,5,3,0.73347,-0.268024
3,3,0,5,2,0.370323,0.631847
3,3,0,4,2,0.763088,0.926642
3,3,0,3,2,0.490203,0.886723
3,3,0,2,2,0.974589,0.665049
3,3,0,1,2,0.920728,0.701888
3,2,0,1,2,0.971091,0.54306
3,2,0,0,2,0.247554,0.419553
3,2,1,0,2,0.965056,0.0535537
3,2,1,0,1,0.559259,-0.978065
3,1,1,0,1,0.515278,0.65327
3,1,1,1,1,0.0676564,-0.614842
3,1,1,1,0,0.143421,-0.54961
3,1,1,0,0,0.941418,0.0439512
3,0,1,0,0,0.285573,-0.882218
3,0,2,0,0,0.568154,0.544957
3,0,2,0,1,0.717204,-0.463574
3,0,2,1,1,0.752163,-0.709071
3,0,2,1,0,0.472496,-0.244233
3,0,3,1,0,0.874361,-0.575679
3,0,3,2,0,0.0176544,0.834144
3,0,3,0,0,0.701806,-0.786905
2,0,3,0,0,0.0740527,0.08427
2,0,4,0,0,0.119219,0.416509
2,0,4,0,1,0.692964,-0.210715
2,0,4,1,1,0.110414,0.79152
2,0,4,2,1,0.019798,0.565296
2,0,4,3,1,0.66172,0.674633
2,0,4,2,2,0.658177,-0.762403
2,0,4,3,2,0.245726,0.226681
2,1,4,3,2,0.157563,0.0338645
2,1,4,2,2,0.356257,0.865555
2,1,4,2,3,0.512699,0.687653
3,0,6,4,1,0.271708,-0.627994
3,9,5,4,6,0.582146,0.126561
3,8,5,4,6,0.0530265,-0.536504
3,8,5,3,5,0.415139,-0.670384
3,3,4,5,4,0.972123,0.908733
3,3,7,2,3,0.994224,-0.374144
2,3,5,2,4,0.419671,-0.209125
2,0,5,5,2,0.169769,0.172252
3,0,7,4,1,0.137665,-0.795281
2,1,5,5,2,0.573544,0.0994755
2,9,5,5,6,0.132302,-0.838186
2,9,5,4,6,0.0670066,-0.632679
2,8,5,4,6,0.188313,-0.221431
2,8,4,4,6,0.095524,-0.507807
3,9,7,6,7,0.119597,-0.912357
2,6,5,3,5,0.896805,-0.92341
2,9,4,9,6,0.448513,0.295129
2,8,4,9,6,0.781131,0.804804
2,2,6,1,3,0.49038,0.210075
2,3,6,7,3,0.36384,-0.397942
2,3,5,7,4,0.247023,0.407713
3,6,5,8,5,0.158587,-0.560799
4,9,7,5,5,0.349975,-0.528728
4,9,7,6,5,0.482577,0.52502
1,5,7,3,4,0.21937,0.770235
2,8,3,9,6,0.432868,0.792472
2,9,3,8,6,0.269843,-0.0917798
2,9,3,8,7,0.984246,0.984136
2,9,3,9,7,0.637706,-0.222807
3,8,4,6,6,0.849877,0.775815
4,1,7,1,3,0.610712,0.25166
1,0,7,0,2,0.384253,-0.673977
0,4,7,5,4,0.722624,-0.598991
0,5,7,6,4,0.120966,-0.413005
0,6,7,6,5,0.928025,-0.132006
5,0,5,0,1,0.486637,-0.464951
3,3,5,2,3,0.728761,-0.256678
3,8,4,5,6,0.816158,-0.182127
3,6,4,4,5,0.0894695,-0.897209
3,6,4,3,5,0.87143,-0.478992
3,5,4,3,4,0.470443,-0.915239
3,3,5,2,4,0.961812,-0.686418
2,6,5,8,5,0.783248,-0.179325
2,6,4,8,5,0.435626,0.701629
2,5,4,8,4,0.0715137,0.601687
2,9,4,6,6,0.661007,-0.393985
2,9,4,5,6,0.0115074,-0.962151
2,2,4,3,3,0.370013,-0.0752483
3,3,4,2,3,0.636493,-0.0496361
3,2,4,2,3,0.559546,-0.802044
3,3,4,7,3,0.180571,0.0202192
5,0,5,1,1,0.370889,0.62477
3,3,7,4,3,0.0982153,-0.893138
2,7,5,9,5,0.622434,0.713962
2,6,5,9,5,0.334925,0.755871
2,6,4,9,5,0.00253892,-0.43558
2,5,4,9,4,0.473159,-0.95707
1,4,6,4,4,0.84258,-0.0121292
1,5,6,5,4,0.451718,-0.0655324
1,5,6,4,4,0.452227,0.425831
1,6,6,5,5,0.241321,0.872922
1,6,6,4,5,0.0238627,-0.817016
1,5,6,3,4,0.973859,0.483476
1,4,6,3,4,0.579272,0.729882
1,4,5,5,4,0.0403817,0.222244
1,5,5,5,4,0.157038,-0.684257
1,6,5,5,5,0.0968861,0.576961
1,6,5,4,5,0.214062,-0.0549224
1,5,5,4,4,0.294361,-0.152933
1,4,4,9,4,0.410826,0.760164
1,4,4,8,4,0.732811,-0.588546
1,4,4,7,4,0.909669,0.186338
1,5,4,7,4,0.476295,0.829018
1,5,4,6,4,0.270445,-0.128869
1,5,4,5,4,0.879204,0.862174
1,5,4,4,4,0.793252,0.966876
1,5,4,3,4,0.77777,0.467083
1,4,4,3,4,0.35726,-0.533431
1,4,4,4,4,0.00830372,-0.882381
1,4,4,5,4,0.186908,0.491142
1,4,4,6,4,0.402733,0.330521
1,6,4,6,5,0.920113,-0.523737
1,7,4,6,5,0.454996,-0.660159
1,7,4,7,5,0.195246,-0.965537
1,8,4,7,5,0.322924,-0.455677
1,8,4,7,6,0.896561,-0.462533
1,9,4,6,6,0.036065,-0.303741
1,8,4,6,6,0.669632,0.732682
2,3,7,3,3,0.905564,0.0358956
2,8,3,7,5,0.494139,-0.406957
2,8,3,7,6,0.783021,-0.515587
2,8,3,6,6,0.489634,-0.697649
2,8,3,5,6,0.733082,0.329613
2,8,3,5,5,0.455408,0.782105
3,0,4,2,1,0.980318,0.956155
3,0,5,5,1,0.449139,-0.231001
5,9,7,6,6,0.097207,0.848548
5,9,7,5,6,0.626617,-0.253249
2,2,7,1,3,0.818328,-0.683051
1,1,6,2,3,0.705341,-0.434215
1,1,6,3,3,0.111044,0.697026
1,1,6,1,3,0.863329,0.468578
1,0,6,1,3,0.773975,0.193965
1,0,6,1,2,0.322578,-0.176971
1,0,6,2,2,0.989096,0.37277
1,0,6,3,2,0.182823,0.565915
1,0,6,4,2,0.921819,-0.431432
1,0,6,4,3,0.556802,0.494139
1,1,6,4,3,0.106383,-0.960936
1,1,6,5,3,0.783863,0.252099
1,2,6,6,3,0.170205,-0.613436
1,2,6,7,3,0.113294,0.697529
1,3,6,7,3,0.159365,-0.497228
1,3,6,7,4,0.856332,-0.840115
1,4,6,7,4,0.743587,-0.561039
3,8,4,5,5,0.191811,0.105295
3,8,4,4,5,0.0101729,0.541138
3,7,4,4,5,0.679042,0.75116
3,7,4,3,5,0.879127,-0.808505
3,4,6,2,4,0.781593,0.262452
3,4,4,2,4,0.902799,-0.326425
3,3,4,2,4,0.0976118,0.308545
2,0,7,5,2,0.834088,0.227253
2,0,7,6,2,0.480597,-0.402184
3,1,6,0,2,0.061559,0.324587
3,1,6,0,3,0.996427,-0.249867
5,4,7,4,4,0.114045,-0.37458
5,4,7,3,4,0.058308,-0.65188
5,9,7,4,6,0.28269,0.664213
5,9,7,4,5,0.907041,0.143673
5,9,7,5,5,0.66447,-0.191748
5,8,7,5,5,0.701453,-0.793231
3,0,4,3,1,0.0343666,-0.415368
3,3,7,3,3,0.988635,0.0448011
3,0,4,5,1,0.667952,-0.232309
3,0,4,4,1,0.0263576,-0.021925
3,5,5,2,4,0.130909,0.671662
3,4,5,2,4,0.811341,-0.327821
1,5,6,7,4,0.635825,-0.645605
1,6,6,7,5,0.324099,0.685125
2,0,5,4,1,0.511353,-0.339443
3,9,4,7,7,0.671889,-0.729481
3,9,3,8,6,0.723698,-0.973576
3,9,3,8,7,0.809836,-0.217262
2,1,6,1,2,0.685189,-0.701969
2,9,5,7,7,0.405943,-0.646178
5,0,5,2,1,0.422702,-0.23936
5,0,5,2,2,0.488835,-0.0166191
4,1,6,2,3,0.14517,0.413593
4,1,6,1,3,0.37281,0.803978
4,1,6,1,2,0.0789086,0.0736567
4,0,6,1,2,0.577659,0.64921
4,0,6,0,2,0.824137,0.605987
3,9,4,6,7,0.844591,-0.323954
3,2,4,1,3,0.317674,0.593315
2,6,4,3,5,0.451253,-0.363442
3,8,5,9,6,0.205284,-0.337455
2,3,7,5,3,0.0624588,0.672825
3,9,3,9,6,0.0472192,0.678595
3,9,4,5,7,0.60883,0.399915
3,0,6,6,2,0.143706,0.245975
3,8,4,4,6,0.380985,-0.0235193
3,8,4,3,6,0.616811,0.674818
5,2,7,7,3,0.80319,0.734713
5,2,7,7,4,0.288008,-0.672853
5,2,7,8,4,0.733852,0.555992
5,2,7,8,3,0.0507955,-0.937642
5,4,7,5,4,0.000156626,0.989022
2,0,4,2,0,0.206057,0.150562
2,0,4,1,0,0.785745,0.715678
4,0,5,3,1,0.66306,0.0381428
4,0,5,4,1,0.19489,-0.392623
5,7,7,6,5,0.9185,-0.271655
5,8,7,4,5,0.79785,0.051715
3,0,6,0,3,0.739281,0.403064
5,1,4,4,3,0.280141,0.48343
5,1,4,0,2,0.143755,0.506523
5,0,4,1,2,0.773496,0.693417
5,0,4,2,2,0.486809,-0.709048
4,0,5,0,2,0.364507,0.510193
4,0,6,2,1,0.258593,0.541191
3,8,5,9,5,0.566689,0.328386
3,7,5,2,5,0.759359,-0.936901
3,7,5,9,5,0.336161,-0.0662502
3,6,5,2,5,0.0844267,-0.648628
4,1,5,5,2,0.030582,0.981392
4,2,6,3,3,0.962936,-0.525255
4,2,6,2,3,0.894927,-0.648846
5,4,5,6,4,0.895335,-0.669822
5,5,5,5,4,0.0889056,-0.600491
5,5,5,6,4,0.766971,0.535046
5,5,5,7,4,0.530252,-0.346745
5,6,5,7,5,0.598985,0.550564
5,7,5,7,5,0.390332,0.569542
5,7,4,7,5,0.457979,0.33973
5,7,4,8,5,0.73436,0.699459
5,8,4,8,5,0.203874,-0.213755
5,8,4,7,5,0.076664,0.88487
5,8,4,7,6,0.493598,0.0249924
5,8,4,6,6,0.712234,-0.951466
5,8,4,5,6,0.696327,-0.652093
5,8,4,4,6,0.200768,-0.291412
5,8,4,4,5,0.783926,-0.844255
5,0,4,3,2,0.908161,0.638647
5,1,4,3,2,0.435544,-0.190694
5,1,5,1,3,0.931063,-0.564327
4,1,5,1,3,0.642134,0.279345
4,1,5,1,2,0.965794,0.455273
4,1,5,0,2,0.36689,-0.0601219
5,0,4,2,1,0.0366925,-0.25923
5,0,4,1,1,0.736734,-0.774885
5,0,4,0,1,0.871722,0.0093983
5,3,5,6,4,0.726734,0.742717
5,4,5,7,4,0.408925,-0.337142
5,4,4,7,4,0.331017,-0.145682
5,5,4,7,4,0.197315,0.97097
5,6,4,7,5,0.516416,0.364695
5,8,4,8,6,0.885985,-0.823133
5,9,4,7,6,0.682192,0.773055
5,9,4,6,6,0.0756719,-0.183007
5,0,5,3,1,0.610414,-0.142206
4,4,6,9,4,0.857368,-0.655023
4,4,6,8,4,0.995535,-0.377424
4,4,5,8,4,0.563884,-0.438656
4,6,5,6,5,0.29606,-0.29833
4,6,5,5,5,0.630541,0.00524565
4,7,5,5,5,0.0402847,0.0177218
4,7,5,6,5,0.0958423,0.333491
5,0,5,3,2,0.3524,0.133129
5,0,5,4,2,0.343402,-0.401897
5,1,5,3,2,0.525618,-0.896531
5,2,5,3,3,0.548942,-0.0287016
5,5,7,5,4,0.719715,-0.156724
5,6,7,5,5,0.641113,-0.0327673
5,0,4,0,2,0.525826,-0.586261
4,3,7,2,4,0.172437,-0.349909
4,2,7,1,3,0.209574,-0.800905
4,0,6,3,2,0.592612,-0.30577
4,0,6,4,2,0.604293,-0.307426
4,1,6,4,2,0.887795,0.746178
5,1,5,2,2,0.00423821,-0.972615
5,0,4,5,2,0.786035,0.697993
5,0,4,5,1,0.121315,0.257051
5,0,4,4,1,0.263066,-0.867746
5,0,4,3,1,0.300726,0.265043
4,2,6,6,3,0.878842,0.793652
4,2,5,7,3,0.535593,-0.111671
4,0,6,3,1,0.773246,-0.189369
5,7,7,4,5,0.20952,-0.0680278
5,6,7,4,5,0.342409,-0.239933
5,7,7,5,5,0.712039,-0.901229
5,8,7,3,5,0.131196,0.6357
5,7,7,3,5,0.856344,-0.318252
5,7,7,2,5,0.841019,0.193385
5,6,7,2,5,0.105345,0.443091
5,5,7,2,4,0.810237,0.311686
5,4,7,2,4,0.562205,0.77376
5,5,7,8,4,0.418094,0.726348
5,6,7,3,5,0.322753,0.470314
5,5,7,3,4,0.402872,0.652018
5,4,7,8,4,0.874175,-0.251894
5,5,6,8,4,0.966808,-0.585506
5,4,6,8,4,0.438993,-0.597114
5,4,6,7,4,0.0584729,0.131749
5,5,6,7,4,0.0866083,-0.785877
5,6,6,7,5,0.789957,-0.310134
5,6,6,6,5,0.564943,0.000443035
5,7,6,6,5,0.143394,0.476265
5,7,6,5,5,0.336265,0.214515
5,7,6,4,5,0.78106,-0.674386
5,6,6,4,5,0.40628,0.897515
5,6,6,3,5,0.423074,-0.792348
5,5,6,3,4,0.91896,0.281051
5,4,6,3,4,0.450222,0.680099
5,3,6,3,4,0.201461,-0.0564978
5,3,6,4,4,0.526604,0.344308
5,3,6,5,4,0.503564,0.208086
5,4,6,5,4,0.0929231,0.189705
5,4,6,4,4,0.261354,-0.461048
5,5,6,5,4,0.427223,-0.0570842
5,5,6,4,4,0.0874224,-0.550069
4,4,6,3,4,0.466322,0.464736
4,4,6,2,4,0.330847,-0.587182
4,3,6,2,4,0.709118,-0.238185
4,3,6,2,3,0.690993,0.808308
4,3,6,6,3,0.458682,-0.228794
4,3,6,7,4,0.325992,0.156744
4,3,6,8,4,0.716174,-0.698282
4,4,6,7,4,0.671904,-0.326462
4,5,5,3,4,0.421585,-0.197995
4,3,5,5,4,0.966264,-0.674007
4,3,5,2,4,0.3934,0.131301
4,6,5,4,5,0.922434,-0.198317
5,5,7,4,4,0.644991,-0.679866
5,6,6,5,5,0.633991,0.129573
5,4,6,2,4,0.209542,0.284175
5,3,6,2,4,0.791556,0.0414473
5,2,6,3,3,0.229314,-0.595674
5,2,6,4,3,0.317879,-0.642899
5,2,6,5,3,0.289714,-0.492924
5,3,6,5,3,0.391793,-0.690322
5,3,6,6,4,0.272327,-0.221254
5,3,6,7,4,0.411076,0.608417
5,5,6,6,4,0.586569,0.531129
5,3,6,3,3,0.911349,-0.497914
5,3,6,2,3,0.825264,-0.345822
4,3,6,3,3,0.53797,0.671048
4,3,6,4,3,0.877717,-0.0880637
4,2,6,1,3,0.699428,0.831491
4,0,6,1,3,0.994917,0.695861
4,0,6,2,3,0.321622,0.926632
4,2,7,7,3,0.449754,-0.562999
4,2,7,8,3,0.845305,0.875136
4,1,7,7,3,0.277723,-0.691536
3,7,7,2,5,0.104781,-0.901279
3,6,7,2,5,0.0351994,-0.88475
3,5,7,2,4,0.923608,0.209902
4,7,6,6,5,0.698788,0.234139
4,7,6,7,5,0.178042,-0.387941
4,8,6,7,5,0.108423,0.628078
4,8,6,7,6,0.672226,-0.293697
4,9,6,7,6,0.27138,-0.755693
4,9,6,8,6,0.970536,0.57264
4,9,6,8,7,0.356349,-0.505319
3,9,6,3,6,0.0302706,-0.0207073
3,8,6,3,6,0.808395,0.163485
5,9,7,4,7,0.075397,-0.0338009
3,2,7,8,3,0.510339,0.76161
4,1,6,5,2,0.702172,0.815508
3,5,6,2,4,0.998722,0.810332
5,3,4,5,3,0.536098,0.930636
5,3,4,6,3,0.452216,-0.454855
5,3,4,6,4,0.591568,-0.283847
5,3,4,5,4,0.0635422,0.81715
5,4,4,6,4,0.597237,0.0746102
5,4,4,5,4,0.505806,-0.580082
5,4,4,4,4,0.77338,0.15762
5,4,4,3,4,0.58939,-0.0775713
5,3,4,3,4,0.577204,0.139372
5,3,4,2,4,0.716607,-0.205752
5,3,4,2,3,0.126605,-0.630142
4,0,4,2,2,0.663401,-0.0786307
4,1,4,2,2,0.782726,-0.285718
4,1,4,3,2,0.711534,-0.313346
5,4,6,9,4,0.0541046,0.559435
4,5,6,7,4,0.0200658,0.505637
4,6,6,7,5,0.214279,0.367168
4,6,6,6,5,0.666668,0.366972
4,7,6,5,5,0.587805,0.537996
4,7,6,4,5,0.491435,0.1394
4,6,6,4,5,0.719882,0.91631
4,6,6,5,5,0.394289,-0.135155
4,9,6,6,6,0.0310379,0.282078
4,6,7,5,5,0.381695,0.305466
4,6,7,4,5,0.682962,-0.0960776
5,0,4,2,0,0.981826,0.249462
5,0,4,1,0,0.881708,-0.434783
4,0,4,0,1,0.0495219,0.265151
5,1,5,4,2,0.491456,0.986917
5,1,5,5,2,0.743326,0.266175
5,1,5,6,2,0.371724,0.772855
5,1,4,6,2,0.831316,-0.268091
4,3,6,3,4,0.136656,0.414819
4,3,6,4,4,0.27783,0.612722
